TESTFILE FOR  FORWARD CONVERTER
      INPUT                            1st_MOD   2nd_MOD   3rd_MOD 

0 RNS(151617) === 0 0 0  ---------------- 00000 | 00000 | 00000

1 RNS(151617) === 1 1 1  ---------------- 00001 | 00001 | 00001

2 RNS(151617) === 2 2 2  ---------------- 00010 | 00010 | 00010

3 RNS(151617) === 3 3 3  ---------------- 00011 | 00011 | 00011

4 RNS(151617) === 4 4 4  ---------------- 00100 | 00100 | 00100

5 RNS(151617) === 5 5 5  ---------------- 00101 | 00101 | 00101

6 RNS(151617) === 6 6 6  ---------------- 00110 | 00110 | 00110

7 RNS(151617) === 7 7 7  ---------------- 00111 | 00111 | 00111

8 RNS(151617) === 8 8 8  ---------------- 01000 | 01000 | 01000

9 RNS(151617) === 9 9 9  ---------------- 01001 | 01001 | 01001

10 RNS(151617) === 10 10 10  ---------------- 01010 | 01010 | 01010

11 RNS(151617) === 11 11 11  ---------------- 01011 | 01011 | 01011

12 RNS(151617) === 12 12 12  ---------------- 01100 | 01100 | 01100

13 RNS(151617) === 13 13 13  ---------------- 01101 | 01101 | 01101

14 RNS(151617) === 14 14 14  ---------------- 01110 | 01110 | 01110

15 RNS(151617) === 0 15 15  ---------------- 00000 | 01111 | 01111

16 RNS(151617) === 1 0 16  ---------------- 00001 | 00000 | 10000

17 RNS(151617) === 2 1 0  ---------------- 00010 | 00001 | 00000

18 RNS(151617) === 3 2 1  ---------------- 00011 | 00010 | 00001

19 RNS(151617) === 4 3 2  ---------------- 00100 | 00011 | 00010

20 RNS(151617) === 5 4 3  ---------------- 00101 | 00100 | 00011

21 RNS(151617) === 6 5 4  ---------------- 00110 | 00101 | 00100

22 RNS(151617) === 7 6 5  ---------------- 00111 | 00110 | 00101

23 RNS(151617) === 8 7 6  ---------------- 01000 | 00111 | 00110

24 RNS(151617) === 9 8 7  ---------------- 01001 | 01000 | 00111

25 RNS(151617) === 10 9 8  ---------------- 01010 | 01001 | 01000

26 RNS(151617) === 11 10 9  ---------------- 01011 | 01010 | 01001

27 RNS(151617) === 12 11 10  ---------------- 01100 | 01011 | 01010

28 RNS(151617) === 13 12 11  ---------------- 01101 | 01100 | 01011

29 RNS(151617) === 14 13 12  ---------------- 01110 | 01101 | 01100

30 RNS(151617) === 0 14 13  ---------------- 00000 | 01110 | 01101

31 RNS(151617) === 1 15 14  ---------------- 00001 | 01111 | 01110

32 RNS(151617) === 2 0 15  ---------------- 00010 | 00000 | 01111

33 RNS(151617) === 3 1 16  ---------------- 00011 | 00001 | 10000

34 RNS(151617) === 4 2 0  ---------------- 00100 | 00010 | 00000

35 RNS(151617) === 5 3 1  ---------------- 00101 | 00011 | 00001

36 RNS(151617) === 6 4 2  ---------------- 00110 | 00100 | 00010

37 RNS(151617) === 7 5 3  ---------------- 00111 | 00101 | 00011

38 RNS(151617) === 8 6 4  ---------------- 01000 | 00110 | 00100

39 RNS(151617) === 9 7 5  ---------------- 01001 | 00111 | 00101

40 RNS(151617) === 10 8 6  ---------------- 01010 | 01000 | 00110

41 RNS(151617) === 11 9 7  ---------------- 01011 | 01001 | 00111

42 RNS(151617) === 12 10 8  ---------------- 01100 | 01010 | 01000

43 RNS(151617) === 13 11 9  ---------------- 01101 | 01011 | 01001

44 RNS(151617) === 14 12 10  ---------------- 01110 | 01100 | 01010

45 RNS(151617) === 0 13 11  ---------------- 00000 | 01101 | 01011

46 RNS(151617) === 1 14 12  ---------------- 00001 | 01110 | 01100

47 RNS(151617) === 2 15 13  ---------------- 00010 | 01111 | 01101

48 RNS(151617) === 3 0 14  ---------------- 00011 | 00000 | 01110

49 RNS(151617) === 4 1 15  ---------------- 00100 | 00001 | 01111

50 RNS(151617) === 5 2 16  ---------------- 00101 | 00010 | 10000

51 RNS(151617) === 6 3 0  ---------------- 00110 | 00011 | 00000

52 RNS(151617) === 7 4 1  ---------------- 00111 | 00100 | 00001

53 RNS(151617) === 8 5 2  ---------------- 01000 | 00101 | 00010

54 RNS(151617) === 9 6 3  ---------------- 01001 | 00110 | 00011

55 RNS(151617) === 10 7 4  ---------------- 01010 | 00111 | 00100

56 RNS(151617) === 11 8 5  ---------------- 01011 | 01000 | 00101

57 RNS(151617) === 12 9 6  ---------------- 01100 | 01001 | 00110

58 RNS(151617) === 13 10 7  ---------------- 01101 | 01010 | 00111

59 RNS(151617) === 14 11 8  ---------------- 01110 | 01011 | 01000

60 RNS(151617) === 0 12 9  ---------------- 00000 | 01100 | 01001

61 RNS(151617) === 1 13 10  ---------------- 00001 | 01101 | 01010

62 RNS(151617) === 2 14 11  ---------------- 00010 | 01110 | 01011

63 RNS(151617) === 3 15 12  ---------------- 00011 | 01111 | 01100

64 RNS(151617) === 4 0 13  ---------------- 00100 | 00000 | 01101

65 RNS(151617) === 5 1 14  ---------------- 00101 | 00001 | 01110

66 RNS(151617) === 6 2 15  ---------------- 00110 | 00010 | 01111

67 RNS(151617) === 7 3 16  ---------------- 00111 | 00011 | 10000

68 RNS(151617) === 8 4 0  ---------------- 01000 | 00100 | 00000

69 RNS(151617) === 9 5 1  ---------------- 01001 | 00101 | 00001

70 RNS(151617) === 10 6 2  ---------------- 01010 | 00110 | 00010

71 RNS(151617) === 11 7 3  ---------------- 01011 | 00111 | 00011

72 RNS(151617) === 12 8 4  ---------------- 01100 | 01000 | 00100

73 RNS(151617) === 13 9 5  ---------------- 01101 | 01001 | 00101

74 RNS(151617) === 14 10 6  ---------------- 01110 | 01010 | 00110

75 RNS(151617) === 0 11 7  ---------------- 00000 | 01011 | 00111

76 RNS(151617) === 1 12 8  ---------------- 00001 | 01100 | 01000

77 RNS(151617) === 2 13 9  ---------------- 00010 | 01101 | 01001

78 RNS(151617) === 3 14 10  ---------------- 00011 | 01110 | 01010

79 RNS(151617) === 4 15 11  ---------------- 00100 | 01111 | 01011

80 RNS(151617) === 5 0 12  ---------------- 00101 | 00000 | 01100

81 RNS(151617) === 6 1 13  ---------------- 00110 | 00001 | 01101

82 RNS(151617) === 7 2 14  ---------------- 00111 | 00010 | 01110

83 RNS(151617) === 8 3 15  ---------------- 01000 | 00011 | 01111

84 RNS(151617) === 9 4 16  ---------------- 01001 | 00100 | 10000

85 RNS(151617) === 10 5 0  ---------------- 01010 | 00101 | 00000

86 RNS(151617) === 11 6 1  ---------------- 01011 | 00110 | 00001

87 RNS(151617) === 12 7 2  ---------------- 01100 | 00111 | 00010

88 RNS(151617) === 13 8 3  ---------------- 01101 | 01000 | 00011

89 RNS(151617) === 14 9 4  ---------------- 01110 | 01001 | 00100

90 RNS(151617) === 0 10 5  ---------------- 00000 | 01010 | 00101

91 RNS(151617) === 1 11 6  ---------------- 00001 | 01011 | 00110

92 RNS(151617) === 2 12 7  ---------------- 00010 | 01100 | 00111

93 RNS(151617) === 3 13 8  ---------------- 00011 | 01101 | 01000

94 RNS(151617) === 4 14 9  ---------------- 00100 | 01110 | 01001

95 RNS(151617) === 5 15 10  ---------------- 00101 | 01111 | 01010

96 RNS(151617) === 6 0 11  ---------------- 00110 | 00000 | 01011

97 RNS(151617) === 7 1 12  ---------------- 00111 | 00001 | 01100

98 RNS(151617) === 8 2 13  ---------------- 01000 | 00010 | 01101

99 RNS(151617) === 9 3 14  ---------------- 01001 | 00011 | 01110

100 RNS(151617) === 10 4 15  ---------------- 01010 | 00100 | 01111

101 RNS(151617) === 11 5 16  ---------------- 01011 | 00101 | 10000

102 RNS(151617) === 12 6 0  ---------------- 01100 | 00110 | 00000

103 RNS(151617) === 13 7 1  ---------------- 01101 | 00111 | 00001

104 RNS(151617) === 14 8 2  ---------------- 01110 | 01000 | 00010

105 RNS(151617) === 0 9 3  ---------------- 00000 | 01001 | 00011

106 RNS(151617) === 1 10 4  ---------------- 00001 | 01010 | 00100

107 RNS(151617) === 2 11 5  ---------------- 00010 | 01011 | 00101

108 RNS(151617) === 3 12 6  ---------------- 00011 | 01100 | 00110

109 RNS(151617) === 4 13 7  ---------------- 00100 | 01101 | 00111

110 RNS(151617) === 5 14 8  ---------------- 00101 | 01110 | 01000

111 RNS(151617) === 6 15 9  ---------------- 00110 | 01111 | 01001

112 RNS(151617) === 7 0 10  ---------------- 00111 | 00000 | 01010

113 RNS(151617) === 8 1 11  ---------------- 01000 | 00001 | 01011

114 RNS(151617) === 9 2 12  ---------------- 01001 | 00010 | 01100

115 RNS(151617) === 10 3 13  ---------------- 01010 | 00011 | 01101

116 RNS(151617) === 11 4 14  ---------------- 01011 | 00100 | 01110

117 RNS(151617) === 12 5 15  ---------------- 01100 | 00101 | 01111

118 RNS(151617) === 13 6 16  ---------------- 01101 | 00110 | 10000

119 RNS(151617) === 14 7 0  ---------------- 01110 | 00111 | 00000

120 RNS(151617) === 0 8 1  ---------------- 00000 | 01000 | 00001

121 RNS(151617) === 1 9 2  ---------------- 00001 | 01001 | 00010

122 RNS(151617) === 2 10 3  ---------------- 00010 | 01010 | 00011

123 RNS(151617) === 3 11 4  ---------------- 00011 | 01011 | 00100

124 RNS(151617) === 4 12 5  ---------------- 00100 | 01100 | 00101

125 RNS(151617) === 5 13 6  ---------------- 00101 | 01101 | 00110

126 RNS(151617) === 6 14 7  ---------------- 00110 | 01110 | 00111

127 RNS(151617) === 7 15 8  ---------------- 00111 | 01111 | 01000

128 RNS(151617) === 8 0 9  ---------------- 01000 | 00000 | 01001

129 RNS(151617) === 9 1 10  ---------------- 01001 | 00001 | 01010

130 RNS(151617) === 10 2 11  ---------------- 01010 | 00010 | 01011

131 RNS(151617) === 11 3 12  ---------------- 01011 | 00011 | 01100

132 RNS(151617) === 12 4 13  ---------------- 01100 | 00100 | 01101

133 RNS(151617) === 13 5 14  ---------------- 01101 | 00101 | 01110

134 RNS(151617) === 14 6 15  ---------------- 01110 | 00110 | 01111

135 RNS(151617) === 0 7 16  ---------------- 00000 | 00111 | 10000

136 RNS(151617) === 1 8 0  ---------------- 00001 | 01000 | 00000

137 RNS(151617) === 2 9 1  ---------------- 00010 | 01001 | 00001

138 RNS(151617) === 3 10 2  ---------------- 00011 | 01010 | 00010

139 RNS(151617) === 4 11 3  ---------------- 00100 | 01011 | 00011

140 RNS(151617) === 5 12 4  ---------------- 00101 | 01100 | 00100

141 RNS(151617) === 6 13 5  ---------------- 00110 | 01101 | 00101

142 RNS(151617) === 7 14 6  ---------------- 00111 | 01110 | 00110

143 RNS(151617) === 8 15 7  ---------------- 01000 | 01111 | 00111

144 RNS(151617) === 9 0 8  ---------------- 01001 | 00000 | 01000

145 RNS(151617) === 10 1 9  ---------------- 01010 | 00001 | 01001

146 RNS(151617) === 11 2 10  ---------------- 01011 | 00010 | 01010

147 RNS(151617) === 12 3 11  ---------------- 01100 | 00011 | 01011

148 RNS(151617) === 13 4 12  ---------------- 01101 | 00100 | 01100

149 RNS(151617) === 14 5 13  ---------------- 01110 | 00101 | 01101

150 RNS(151617) === 0 6 14  ---------------- 00000 | 00110 | 01110

151 RNS(151617) === 1 7 15  ---------------- 00001 | 00111 | 01111

152 RNS(151617) === 2 8 16  ---------------- 00010 | 01000 | 10000

153 RNS(151617) === 3 9 0  ---------------- 00011 | 01001 | 00000

154 RNS(151617) === 4 10 1  ---------------- 00100 | 01010 | 00001

155 RNS(151617) === 5 11 2  ---------------- 00101 | 01011 | 00010

156 RNS(151617) === 6 12 3  ---------------- 00110 | 01100 | 00011

157 RNS(151617) === 7 13 4  ---------------- 00111 | 01101 | 00100

158 RNS(151617) === 8 14 5  ---------------- 01000 | 01110 | 00101

159 RNS(151617) === 9 15 6  ---------------- 01001 | 01111 | 00110

160 RNS(151617) === 10 0 7  ---------------- 01010 | 00000 | 00111

161 RNS(151617) === 11 1 8  ---------------- 01011 | 00001 | 01000

162 RNS(151617) === 12 2 9  ---------------- 01100 | 00010 | 01001

163 RNS(151617) === 13 3 10  ---------------- 01101 | 00011 | 01010

164 RNS(151617) === 14 4 11  ---------------- 01110 | 00100 | 01011

165 RNS(151617) === 0 5 12  ---------------- 00000 | 00101 | 01100

166 RNS(151617) === 1 6 13  ---------------- 00001 | 00110 | 01101

167 RNS(151617) === 2 7 14  ---------------- 00010 | 00111 | 01110

168 RNS(151617) === 3 8 15  ---------------- 00011 | 01000 | 01111

169 RNS(151617) === 4 9 16  ---------------- 00100 | 01001 | 10000

170 RNS(151617) === 5 10 0  ---------------- 00101 | 01010 | 00000

171 RNS(151617) === 6 11 1  ---------------- 00110 | 01011 | 00001

172 RNS(151617) === 7 12 2  ---------------- 00111 | 01100 | 00010

173 RNS(151617) === 8 13 3  ---------------- 01000 | 01101 | 00011

174 RNS(151617) === 9 14 4  ---------------- 01001 | 01110 | 00100

175 RNS(151617) === 10 15 5  ---------------- 01010 | 01111 | 00101

176 RNS(151617) === 11 0 6  ---------------- 01011 | 00000 | 00110

177 RNS(151617) === 12 1 7  ---------------- 01100 | 00001 | 00111

178 RNS(151617) === 13 2 8  ---------------- 01101 | 00010 | 01000

179 RNS(151617) === 14 3 9  ---------------- 01110 | 00011 | 01001

180 RNS(151617) === 0 4 10  ---------------- 00000 | 00100 | 01010

181 RNS(151617) === 1 5 11  ---------------- 00001 | 00101 | 01011

182 RNS(151617) === 2 6 12  ---------------- 00010 | 00110 | 01100

183 RNS(151617) === 3 7 13  ---------------- 00011 | 00111 | 01101

184 RNS(151617) === 4 8 14  ---------------- 00100 | 01000 | 01110

185 RNS(151617) === 5 9 15  ---------------- 00101 | 01001 | 01111

186 RNS(151617) === 6 10 16  ---------------- 00110 | 01010 | 10000

187 RNS(151617) === 7 11 0  ---------------- 00111 | 01011 | 00000

188 RNS(151617) === 8 12 1  ---------------- 01000 | 01100 | 00001

189 RNS(151617) === 9 13 2  ---------------- 01001 | 01101 | 00010

190 RNS(151617) === 10 14 3  ---------------- 01010 | 01110 | 00011

191 RNS(151617) === 11 15 4  ---------------- 01011 | 01111 | 00100

192 RNS(151617) === 12 0 5  ---------------- 01100 | 00000 | 00101

193 RNS(151617) === 13 1 6  ---------------- 01101 | 00001 | 00110

194 RNS(151617) === 14 2 7  ---------------- 01110 | 00010 | 00111

195 RNS(151617) === 0 3 8  ---------------- 00000 | 00011 | 01000

196 RNS(151617) === 1 4 9  ---------------- 00001 | 00100 | 01001

197 RNS(151617) === 2 5 10  ---------------- 00010 | 00101 | 01010

198 RNS(151617) === 3 6 11  ---------------- 00011 | 00110 | 01011

199 RNS(151617) === 4 7 12  ---------------- 00100 | 00111 | 01100

200 RNS(151617) === 5 8 13  ---------------- 00101 | 01000 | 01101

201 RNS(151617) === 6 9 14  ---------------- 00110 | 01001 | 01110

202 RNS(151617) === 7 10 15  ---------------- 00111 | 01010 | 01111

203 RNS(151617) === 8 11 16  ---------------- 01000 | 01011 | 10000

204 RNS(151617) === 9 12 0  ---------------- 01001 | 01100 | 00000

205 RNS(151617) === 10 13 1  ---------------- 01010 | 01101 | 00001

206 RNS(151617) === 11 14 2  ---------------- 01011 | 01110 | 00010

207 RNS(151617) === 12 15 3  ---------------- 01100 | 01111 | 00011

208 RNS(151617) === 13 0 4  ---------------- 01101 | 00000 | 00100

209 RNS(151617) === 14 1 5  ---------------- 01110 | 00001 | 00101

210 RNS(151617) === 0 2 6  ---------------- 00000 | 00010 | 00110

211 RNS(151617) === 1 3 7  ---------------- 00001 | 00011 | 00111

212 RNS(151617) === 2 4 8  ---------------- 00010 | 00100 | 01000

213 RNS(151617) === 3 5 9  ---------------- 00011 | 00101 | 01001

214 RNS(151617) === 4 6 10  ---------------- 00100 | 00110 | 01010

215 RNS(151617) === 5 7 11  ---------------- 00101 | 00111 | 01011

216 RNS(151617) === 6 8 12  ---------------- 00110 | 01000 | 01100

217 RNS(151617) === 7 9 13  ---------------- 00111 | 01001 | 01101

218 RNS(151617) === 8 10 14  ---------------- 01000 | 01010 | 01110

219 RNS(151617) === 9 11 15  ---------------- 01001 | 01011 | 01111

220 RNS(151617) === 10 12 16  ---------------- 01010 | 01100 | 10000

221 RNS(151617) === 11 13 0  ---------------- 01011 | 01101 | 00000

222 RNS(151617) === 12 14 1  ---------------- 01100 | 01110 | 00001

223 RNS(151617) === 13 15 2  ---------------- 01101 | 01111 | 00010

224 RNS(151617) === 14 0 3  ---------------- 01110 | 00000 | 00011

225 RNS(151617) === 0 1 4  ---------------- 00000 | 00001 | 00100

226 RNS(151617) === 1 2 5  ---------------- 00001 | 00010 | 00101

227 RNS(151617) === 2 3 6  ---------------- 00010 | 00011 | 00110

228 RNS(151617) === 3 4 7  ---------------- 00011 | 00100 | 00111

229 RNS(151617) === 4 5 8  ---------------- 00100 | 00101 | 01000

230 RNS(151617) === 5 6 9  ---------------- 00101 | 00110 | 01001

231 RNS(151617) === 6 7 10  ---------------- 00110 | 00111 | 01010

232 RNS(151617) === 7 8 11  ---------------- 00111 | 01000 | 01011

233 RNS(151617) === 8 9 12  ---------------- 01000 | 01001 | 01100

234 RNS(151617) === 9 10 13  ---------------- 01001 | 01010 | 01101

235 RNS(151617) === 10 11 14  ---------------- 01010 | 01011 | 01110

236 RNS(151617) === 11 12 15  ---------------- 01011 | 01100 | 01111

237 RNS(151617) === 12 13 16  ---------------- 01100 | 01101 | 10000

238 RNS(151617) === 13 14 0  ---------------- 01101 | 01110 | 00000

239 RNS(151617) === 14 15 1  ---------------- 01110 | 01111 | 00001

240 RNS(151617) === 0 0 2  ---------------- 00000 | 00000 | 00010

241 RNS(151617) === 1 1 3  ---------------- 00001 | 00001 | 00011

242 RNS(151617) === 2 2 4  ---------------- 00010 | 00010 | 00100

243 RNS(151617) === 3 3 5  ---------------- 00011 | 00011 | 00101

244 RNS(151617) === 4 4 6  ---------------- 00100 | 00100 | 00110

245 RNS(151617) === 5 5 7  ---------------- 00101 | 00101 | 00111

246 RNS(151617) === 6 6 8  ---------------- 00110 | 00110 | 01000

247 RNS(151617) === 7 7 9  ---------------- 00111 | 00111 | 01001

248 RNS(151617) === 8 8 10  ---------------- 01000 | 01000 | 01010

249 RNS(151617) === 9 9 11  ---------------- 01001 | 01001 | 01011

250 RNS(151617) === 10 10 12  ---------------- 01010 | 01010 | 01100

251 RNS(151617) === 11 11 13  ---------------- 01011 | 01011 | 01101

252 RNS(151617) === 12 12 14  ---------------- 01100 | 01100 | 01110

253 RNS(151617) === 13 13 15  ---------------- 01101 | 01101 | 01111

254 RNS(151617) === 14 14 16  ---------------- 01110 | 01110 | 10000

255 RNS(151617) === 0 15 0  ---------------- 00000 | 01111 | 00000

256 RNS(151617) === 1 0 1  ---------------- 00001 | 00000 | 00001

257 RNS(151617) === 2 1 2  ---------------- 00010 | 00001 | 00010

258 RNS(151617) === 3 2 3  ---------------- 00011 | 00010 | 00011

259 RNS(151617) === 4 3 4  ---------------- 00100 | 00011 | 00100

260 RNS(151617) === 5 4 5  ---------------- 00101 | 00100 | 00101

261 RNS(151617) === 6 5 6  ---------------- 00110 | 00101 | 00110

262 RNS(151617) === 7 6 7  ---------------- 00111 | 00110 | 00111

263 RNS(151617) === 8 7 8  ---------------- 01000 | 00111 | 01000

264 RNS(151617) === 9 8 9  ---------------- 01001 | 01000 | 01001

265 RNS(151617) === 10 9 10  ---------------- 01010 | 01001 | 01010

266 RNS(151617) === 11 10 11  ---------------- 01011 | 01010 | 01011

267 RNS(151617) === 12 11 12  ---------------- 01100 | 01011 | 01100

268 RNS(151617) === 13 12 13  ---------------- 01101 | 01100 | 01101

269 RNS(151617) === 14 13 14  ---------------- 01110 | 01101 | 01110

270 RNS(151617) === 0 14 15  ---------------- 00000 | 01110 | 01111

271 RNS(151617) === 1 15 16  ---------------- 00001 | 01111 | 10000

272 RNS(151617) === 2 0 0  ---------------- 00010 | 00000 | 00000

273 RNS(151617) === 3 1 1  ---------------- 00011 | 00001 | 00001

274 RNS(151617) === 4 2 2  ---------------- 00100 | 00010 | 00010

275 RNS(151617) === 5 3 3  ---------------- 00101 | 00011 | 00011

276 RNS(151617) === 6 4 4  ---------------- 00110 | 00100 | 00100

277 RNS(151617) === 7 5 5  ---------------- 00111 | 00101 | 00101

278 RNS(151617) === 8 6 6  ---------------- 01000 | 00110 | 00110

279 RNS(151617) === 9 7 7  ---------------- 01001 | 00111 | 00111

280 RNS(151617) === 10 8 8  ---------------- 01010 | 01000 | 01000

281 RNS(151617) === 11 9 9  ---------------- 01011 | 01001 | 01001

282 RNS(151617) === 12 10 10  ---------------- 01100 | 01010 | 01010

283 RNS(151617) === 13 11 11  ---------------- 01101 | 01011 | 01011

284 RNS(151617) === 14 12 12  ---------------- 01110 | 01100 | 01100

285 RNS(151617) === 0 13 13  ---------------- 00000 | 01101 | 01101

286 RNS(151617) === 1 14 14  ---------------- 00001 | 01110 | 01110

287 RNS(151617) === 2 15 15  ---------------- 00010 | 01111 | 01111

288 RNS(151617) === 3 0 16  ---------------- 00011 | 00000 | 10000

289 RNS(151617) === 4 1 0  ---------------- 00100 | 00001 | 00000

290 RNS(151617) === 5 2 1  ---------------- 00101 | 00010 | 00001

291 RNS(151617) === 6 3 2  ---------------- 00110 | 00011 | 00010

292 RNS(151617) === 7 4 3  ---------------- 00111 | 00100 | 00011

293 RNS(151617) === 8 5 4  ---------------- 01000 | 00101 | 00100

294 RNS(151617) === 9 6 5  ---------------- 01001 | 00110 | 00101

295 RNS(151617) === 10 7 6  ---------------- 01010 | 00111 | 00110

296 RNS(151617) === 11 8 7  ---------------- 01011 | 01000 | 00111

297 RNS(151617) === 12 9 8  ---------------- 01100 | 01001 | 01000

298 RNS(151617) === 13 10 9  ---------------- 01101 | 01010 | 01001

299 RNS(151617) === 14 11 10  ---------------- 01110 | 01011 | 01010

300 RNS(151617) === 0 12 11  ---------------- 00000 | 01100 | 01011

301 RNS(151617) === 1 13 12  ---------------- 00001 | 01101 | 01100

302 RNS(151617) === 2 14 13  ---------------- 00010 | 01110 | 01101

303 RNS(151617) === 3 15 14  ---------------- 00011 | 01111 | 01110

304 RNS(151617) === 4 0 15  ---------------- 00100 | 00000 | 01111

305 RNS(151617) === 5 1 16  ---------------- 00101 | 00001 | 10000

306 RNS(151617) === 6 2 0  ---------------- 00110 | 00010 | 00000

307 RNS(151617) === 7 3 1  ---------------- 00111 | 00011 | 00001

308 RNS(151617) === 8 4 2  ---------------- 01000 | 00100 | 00010

309 RNS(151617) === 9 5 3  ---------------- 01001 | 00101 | 00011

310 RNS(151617) === 10 6 4  ---------------- 01010 | 00110 | 00100

311 RNS(151617) === 11 7 5  ---------------- 01011 | 00111 | 00101

312 RNS(151617) === 12 8 6  ---------------- 01100 | 01000 | 00110

313 RNS(151617) === 13 9 7  ---------------- 01101 | 01001 | 00111

314 RNS(151617) === 14 10 8  ---------------- 01110 | 01010 | 01000

315 RNS(151617) === 0 11 9  ---------------- 00000 | 01011 | 01001

316 RNS(151617) === 1 12 10  ---------------- 00001 | 01100 | 01010

317 RNS(151617) === 2 13 11  ---------------- 00010 | 01101 | 01011

318 RNS(151617) === 3 14 12  ---------------- 00011 | 01110 | 01100

319 RNS(151617) === 4 15 13  ---------------- 00100 | 01111 | 01101

320 RNS(151617) === 5 0 14  ---------------- 00101 | 00000 | 01110

321 RNS(151617) === 6 1 15  ---------------- 00110 | 00001 | 01111

322 RNS(151617) === 7 2 16  ---------------- 00111 | 00010 | 10000

323 RNS(151617) === 8 3 0  ---------------- 01000 | 00011 | 00000

324 RNS(151617) === 9 4 1  ---------------- 01001 | 00100 | 00001

325 RNS(151617) === 10 5 2  ---------------- 01010 | 00101 | 00010

326 RNS(151617) === 11 6 3  ---------------- 01011 | 00110 | 00011

327 RNS(151617) === 12 7 4  ---------------- 01100 | 00111 | 00100

328 RNS(151617) === 13 8 5  ---------------- 01101 | 01000 | 00101

329 RNS(151617) === 14 9 6  ---------------- 01110 | 01001 | 00110

330 RNS(151617) === 0 10 7  ---------------- 00000 | 01010 | 00111

331 RNS(151617) === 1 11 8  ---------------- 00001 | 01011 | 01000

332 RNS(151617) === 2 12 9  ---------------- 00010 | 01100 | 01001

333 RNS(151617) === 3 13 10  ---------------- 00011 | 01101 | 01010

334 RNS(151617) === 4 14 11  ---------------- 00100 | 01110 | 01011

335 RNS(151617) === 5 15 12  ---------------- 00101 | 01111 | 01100

336 RNS(151617) === 6 0 13  ---------------- 00110 | 00000 | 01101

337 RNS(151617) === 7 1 14  ---------------- 00111 | 00001 | 01110

338 RNS(151617) === 8 2 15  ---------------- 01000 | 00010 | 01111

339 RNS(151617) === 9 3 16  ---------------- 01001 | 00011 | 10000

340 RNS(151617) === 10 4 0  ---------------- 01010 | 00100 | 00000

341 RNS(151617) === 11 5 1  ---------------- 01011 | 00101 | 00001

342 RNS(151617) === 12 6 2  ---------------- 01100 | 00110 | 00010

343 RNS(151617) === 13 7 3  ---------------- 01101 | 00111 | 00011

344 RNS(151617) === 14 8 4  ---------------- 01110 | 01000 | 00100

345 RNS(151617) === 0 9 5  ---------------- 00000 | 01001 | 00101

346 RNS(151617) === 1 10 6  ---------------- 00001 | 01010 | 00110

347 RNS(151617) === 2 11 7  ---------------- 00010 | 01011 | 00111

348 RNS(151617) === 3 12 8  ---------------- 00011 | 01100 | 01000

349 RNS(151617) === 4 13 9  ---------------- 00100 | 01101 | 01001

350 RNS(151617) === 5 14 10  ---------------- 00101 | 01110 | 01010

351 RNS(151617) === 6 15 11  ---------------- 00110 | 01111 | 01011

352 RNS(151617) === 7 0 12  ---------------- 00111 | 00000 | 01100

353 RNS(151617) === 8 1 13  ---------------- 01000 | 00001 | 01101

354 RNS(151617) === 9 2 14  ---------------- 01001 | 00010 | 01110

355 RNS(151617) === 10 3 15  ---------------- 01010 | 00011 | 01111

356 RNS(151617) === 11 4 16  ---------------- 01011 | 00100 | 10000

357 RNS(151617) === 12 5 0  ---------------- 01100 | 00101 | 00000

358 RNS(151617) === 13 6 1  ---------------- 01101 | 00110 | 00001

359 RNS(151617) === 14 7 2  ---------------- 01110 | 00111 | 00010

360 RNS(151617) === 0 8 3  ---------------- 00000 | 01000 | 00011

361 RNS(151617) === 1 9 4  ---------------- 00001 | 01001 | 00100

362 RNS(151617) === 2 10 5  ---------------- 00010 | 01010 | 00101

363 RNS(151617) === 3 11 6  ---------------- 00011 | 01011 | 00110

364 RNS(151617) === 4 12 7  ---------------- 00100 | 01100 | 00111

365 RNS(151617) === 5 13 8  ---------------- 00101 | 01101 | 01000

366 RNS(151617) === 6 14 9  ---------------- 00110 | 01110 | 01001

367 RNS(151617) === 7 15 10  ---------------- 00111 | 01111 | 01010

368 RNS(151617) === 8 0 11  ---------------- 01000 | 00000 | 01011

369 RNS(151617) === 9 1 12  ---------------- 01001 | 00001 | 01100

370 RNS(151617) === 10 2 13  ---------------- 01010 | 00010 | 01101

371 RNS(151617) === 11 3 14  ---------------- 01011 | 00011 | 01110

372 RNS(151617) === 12 4 15  ---------------- 01100 | 00100 | 01111

373 RNS(151617) === 13 5 16  ---------------- 01101 | 00101 | 10000

374 RNS(151617) === 14 6 0  ---------------- 01110 | 00110 | 00000

375 RNS(151617) === 0 7 1  ---------------- 00000 | 00111 | 00001

376 RNS(151617) === 1 8 2  ---------------- 00001 | 01000 | 00010

377 RNS(151617) === 2 9 3  ---------------- 00010 | 01001 | 00011

378 RNS(151617) === 3 10 4  ---------------- 00011 | 01010 | 00100

379 RNS(151617) === 4 11 5  ---------------- 00100 | 01011 | 00101

380 RNS(151617) === 5 12 6  ---------------- 00101 | 01100 | 00110

381 RNS(151617) === 6 13 7  ---------------- 00110 | 01101 | 00111

382 RNS(151617) === 7 14 8  ---------------- 00111 | 01110 | 01000

383 RNS(151617) === 8 15 9  ---------------- 01000 | 01111 | 01001

384 RNS(151617) === 9 0 10  ---------------- 01001 | 00000 | 01010

385 RNS(151617) === 10 1 11  ---------------- 01010 | 00001 | 01011

386 RNS(151617) === 11 2 12  ---------------- 01011 | 00010 | 01100

387 RNS(151617) === 12 3 13  ---------------- 01100 | 00011 | 01101

388 RNS(151617) === 13 4 14  ---------------- 01101 | 00100 | 01110

389 RNS(151617) === 14 5 15  ---------------- 01110 | 00101 | 01111

390 RNS(151617) === 0 6 16  ---------------- 00000 | 00110 | 10000

391 RNS(151617) === 1 7 0  ---------------- 00001 | 00111 | 00000

392 RNS(151617) === 2 8 1  ---------------- 00010 | 01000 | 00001

393 RNS(151617) === 3 9 2  ---------------- 00011 | 01001 | 00010

394 RNS(151617) === 4 10 3  ---------------- 00100 | 01010 | 00011

395 RNS(151617) === 5 11 4  ---------------- 00101 | 01011 | 00100

396 RNS(151617) === 6 12 5  ---------------- 00110 | 01100 | 00101

397 RNS(151617) === 7 13 6  ---------------- 00111 | 01101 | 00110

398 RNS(151617) === 8 14 7  ---------------- 01000 | 01110 | 00111

399 RNS(151617) === 9 15 8  ---------------- 01001 | 01111 | 01000

400 RNS(151617) === 10 0 9  ---------------- 01010 | 00000 | 01001

401 RNS(151617) === 11 1 10  ---------------- 01011 | 00001 | 01010

402 RNS(151617) === 12 2 11  ---------------- 01100 | 00010 | 01011

403 RNS(151617) === 13 3 12  ---------------- 01101 | 00011 | 01100

404 RNS(151617) === 14 4 13  ---------------- 01110 | 00100 | 01101

405 RNS(151617) === 0 5 14  ---------------- 00000 | 00101 | 01110

406 RNS(151617) === 1 6 15  ---------------- 00001 | 00110 | 01111

407 RNS(151617) === 2 7 16  ---------------- 00010 | 00111 | 10000

408 RNS(151617) === 3 8 0  ---------------- 00011 | 01000 | 00000

409 RNS(151617) === 4 9 1  ---------------- 00100 | 01001 | 00001

410 RNS(151617) === 5 10 2  ---------------- 00101 | 01010 | 00010

411 RNS(151617) === 6 11 3  ---------------- 00110 | 01011 | 00011

412 RNS(151617) === 7 12 4  ---------------- 00111 | 01100 | 00100

413 RNS(151617) === 8 13 5  ---------------- 01000 | 01101 | 00101

414 RNS(151617) === 9 14 6  ---------------- 01001 | 01110 | 00110

415 RNS(151617) === 10 15 7  ---------------- 01010 | 01111 | 00111

416 RNS(151617) === 11 0 8  ---------------- 01011 | 00000 | 01000

417 RNS(151617) === 12 1 9  ---------------- 01100 | 00001 | 01001

418 RNS(151617) === 13 2 10  ---------------- 01101 | 00010 | 01010

419 RNS(151617) === 14 3 11  ---------------- 01110 | 00011 | 01011

420 RNS(151617) === 0 4 12  ---------------- 00000 | 00100 | 01100

421 RNS(151617) === 1 5 13  ---------------- 00001 | 00101 | 01101

422 RNS(151617) === 2 6 14  ---------------- 00010 | 00110 | 01110

423 RNS(151617) === 3 7 15  ---------------- 00011 | 00111 | 01111

424 RNS(151617) === 4 8 16  ---------------- 00100 | 01000 | 10000

425 RNS(151617) === 5 9 0  ---------------- 00101 | 01001 | 00000

426 RNS(151617) === 6 10 1  ---------------- 00110 | 01010 | 00001

427 RNS(151617) === 7 11 2  ---------------- 00111 | 01011 | 00010

428 RNS(151617) === 8 12 3  ---------------- 01000 | 01100 | 00011

429 RNS(151617) === 9 13 4  ---------------- 01001 | 01101 | 00100

430 RNS(151617) === 10 14 5  ---------------- 01010 | 01110 | 00101

431 RNS(151617) === 11 15 6  ---------------- 01011 | 01111 | 00110

432 RNS(151617) === 12 0 7  ---------------- 01100 | 00000 | 00111

433 RNS(151617) === 13 1 8  ---------------- 01101 | 00001 | 01000

434 RNS(151617) === 14 2 9  ---------------- 01110 | 00010 | 01001

435 RNS(151617) === 0 3 10  ---------------- 00000 | 00011 | 01010

436 RNS(151617) === 1 4 11  ---------------- 00001 | 00100 | 01011

437 RNS(151617) === 2 5 12  ---------------- 00010 | 00101 | 01100

438 RNS(151617) === 3 6 13  ---------------- 00011 | 00110 | 01101

439 RNS(151617) === 4 7 14  ---------------- 00100 | 00111 | 01110

440 RNS(151617) === 5 8 15  ---------------- 00101 | 01000 | 01111

441 RNS(151617) === 6 9 16  ---------------- 00110 | 01001 | 10000

442 RNS(151617) === 7 10 0  ---------------- 00111 | 01010 | 00000

443 RNS(151617) === 8 11 1  ---------------- 01000 | 01011 | 00001

444 RNS(151617) === 9 12 2  ---------------- 01001 | 01100 | 00010

445 RNS(151617) === 10 13 3  ---------------- 01010 | 01101 | 00011

446 RNS(151617) === 11 14 4  ---------------- 01011 | 01110 | 00100

447 RNS(151617) === 12 15 5  ---------------- 01100 | 01111 | 00101

448 RNS(151617) === 13 0 6  ---------------- 01101 | 00000 | 00110

449 RNS(151617) === 14 1 7  ---------------- 01110 | 00001 | 00111

450 RNS(151617) === 0 2 8  ---------------- 00000 | 00010 | 01000

451 RNS(151617) === 1 3 9  ---------------- 00001 | 00011 | 01001

452 RNS(151617) === 2 4 10  ---------------- 00010 | 00100 | 01010

453 RNS(151617) === 3 5 11  ---------------- 00011 | 00101 | 01011

454 RNS(151617) === 4 6 12  ---------------- 00100 | 00110 | 01100

455 RNS(151617) === 5 7 13  ---------------- 00101 | 00111 | 01101

456 RNS(151617) === 6 8 14  ---------------- 00110 | 01000 | 01110

457 RNS(151617) === 7 9 15  ---------------- 00111 | 01001 | 01111

458 RNS(151617) === 8 10 16  ---------------- 01000 | 01010 | 10000

459 RNS(151617) === 9 11 0  ---------------- 01001 | 01011 | 00000

460 RNS(151617) === 10 12 1  ---------------- 01010 | 01100 | 00001

461 RNS(151617) === 11 13 2  ---------------- 01011 | 01101 | 00010

462 RNS(151617) === 12 14 3  ---------------- 01100 | 01110 | 00011

463 RNS(151617) === 13 15 4  ---------------- 01101 | 01111 | 00100

464 RNS(151617) === 14 0 5  ---------------- 01110 | 00000 | 00101

465 RNS(151617) === 0 1 6  ---------------- 00000 | 00001 | 00110

466 RNS(151617) === 1 2 7  ---------------- 00001 | 00010 | 00111

467 RNS(151617) === 2 3 8  ---------------- 00010 | 00011 | 01000

468 RNS(151617) === 3 4 9  ---------------- 00011 | 00100 | 01001

469 RNS(151617) === 4 5 10  ---------------- 00100 | 00101 | 01010

470 RNS(151617) === 5 6 11  ---------------- 00101 | 00110 | 01011

471 RNS(151617) === 6 7 12  ---------------- 00110 | 00111 | 01100

472 RNS(151617) === 7 8 13  ---------------- 00111 | 01000 | 01101

473 RNS(151617) === 8 9 14  ---------------- 01000 | 01001 | 01110

474 RNS(151617) === 9 10 15  ---------------- 01001 | 01010 | 01111

475 RNS(151617) === 10 11 16  ---------------- 01010 | 01011 | 10000

476 RNS(151617) === 11 12 0  ---------------- 01011 | 01100 | 00000

477 RNS(151617) === 12 13 1  ---------------- 01100 | 01101 | 00001

478 RNS(151617) === 13 14 2  ---------------- 01101 | 01110 | 00010

479 RNS(151617) === 14 15 3  ---------------- 01110 | 01111 | 00011

480 RNS(151617) === 0 0 4  ---------------- 00000 | 00000 | 00100

481 RNS(151617) === 1 1 5  ---------------- 00001 | 00001 | 00101

482 RNS(151617) === 2 2 6  ---------------- 00010 | 00010 | 00110

483 RNS(151617) === 3 3 7  ---------------- 00011 | 00011 | 00111

484 RNS(151617) === 4 4 8  ---------------- 00100 | 00100 | 01000

485 RNS(151617) === 5 5 9  ---------------- 00101 | 00101 | 01001

486 RNS(151617) === 6 6 10  ---------------- 00110 | 00110 | 01010

487 RNS(151617) === 7 7 11  ---------------- 00111 | 00111 | 01011

488 RNS(151617) === 8 8 12  ---------------- 01000 | 01000 | 01100

489 RNS(151617) === 9 9 13  ---------------- 01001 | 01001 | 01101

490 RNS(151617) === 10 10 14  ---------------- 01010 | 01010 | 01110

491 RNS(151617) === 11 11 15  ---------------- 01011 | 01011 | 01111

492 RNS(151617) === 12 12 16  ---------------- 01100 | 01100 | 10000

493 RNS(151617) === 13 13 0  ---------------- 01101 | 01101 | 00000

494 RNS(151617) === 14 14 1  ---------------- 01110 | 01110 | 00001

495 RNS(151617) === 0 15 2  ---------------- 00000 | 01111 | 00010

496 RNS(151617) === 1 0 3  ---------------- 00001 | 00000 | 00011

497 RNS(151617) === 2 1 4  ---------------- 00010 | 00001 | 00100

498 RNS(151617) === 3 2 5  ---------------- 00011 | 00010 | 00101

499 RNS(151617) === 4 3 6  ---------------- 00100 | 00011 | 00110

500 RNS(151617) === 5 4 7  ---------------- 00101 | 00100 | 00111

501 RNS(151617) === 6 5 8  ---------------- 00110 | 00101 | 01000

502 RNS(151617) === 7 6 9  ---------------- 00111 | 00110 | 01001

503 RNS(151617) === 8 7 10  ---------------- 01000 | 00111 | 01010

504 RNS(151617) === 9 8 11  ---------------- 01001 | 01000 | 01011

505 RNS(151617) === 10 9 12  ---------------- 01010 | 01001 | 01100

506 RNS(151617) === 11 10 13  ---------------- 01011 | 01010 | 01101

507 RNS(151617) === 12 11 14  ---------------- 01100 | 01011 | 01110

508 RNS(151617) === 13 12 15  ---------------- 01101 | 01100 | 01111

509 RNS(151617) === 14 13 16  ---------------- 01110 | 01101 | 10000

510 RNS(151617) === 0 14 0  ---------------- 00000 | 01110 | 00000

511 RNS(151617) === 1 15 1  ---------------- 00001 | 01111 | 00001

