TESTFILE FOR  FORWARD CONVERTER
      INPUT                            1st_MOD   2nd_MOD   3rd_MOD 

0 RNS(789) === 0 0 0  ---------------- 0000 | 0000 | 0000

1 RNS(789) === 1 1 1  ---------------- 0001 | 0001 | 0001

2 RNS(789) === 2 2 2  ---------------- 0010 | 0010 | 0010

3 RNS(789) === 3 3 3  ---------------- 0011 | 0011 | 0011

4 RNS(789) === 4 4 4  ---------------- 0100 | 0100 | 0100

5 RNS(789) === 5 5 5  ---------------- 0101 | 0101 | 0101

6 RNS(789) === 6 6 6  ---------------- 0110 | 0110 | 0110

7 RNS(789) === 0 7 7  ---------------- 0000 | 0111 | 0111

8 RNS(789) === 1 0 8  ---------------- 0001 | 0000 | 1000

9 RNS(789) === 2 1 0  ---------------- 0010 | 0001 | 0000

10 RNS(789) === 3 2 1  ---------------- 0011 | 0010 | 0001

11 RNS(789) === 4 3 2  ---------------- 0100 | 0011 | 0010

12 RNS(789) === 5 4 3  ---------------- 0101 | 0100 | 0011

13 RNS(789) === 6 5 4  ---------------- 0110 | 0101 | 0100

14 RNS(789) === 0 6 5  ---------------- 0000 | 0110 | 0101

15 RNS(789) === 1 7 6  ---------------- 0001 | 0111 | 0110

16 RNS(789) === 2 0 7  ---------------- 0010 | 0000 | 0111

17 RNS(789) === 3 1 8  ---------------- 0011 | 0001 | 1000

18 RNS(789) === 4 2 0  ---------------- 0100 | 0010 | 0000

19 RNS(789) === 5 3 1  ---------------- 0101 | 0011 | 0001

20 RNS(789) === 6 4 2  ---------------- 0110 | 0100 | 0010

21 RNS(789) === 0 5 3  ---------------- 0000 | 0101 | 0011

22 RNS(789) === 1 6 4  ---------------- 0001 | 0110 | 0100

23 RNS(789) === 2 7 5  ---------------- 0010 | 0111 | 0101

24 RNS(789) === 3 0 6  ---------------- 0011 | 0000 | 0110

25 RNS(789) === 4 1 7  ---------------- 0100 | 0001 | 0111

26 RNS(789) === 5 2 8  ---------------- 0101 | 0010 | 1000

27 RNS(789) === 6 3 0  ---------------- 0110 | 0011 | 0000

28 RNS(789) === 0 4 1  ---------------- 0000 | 0100 | 0001

29 RNS(789) === 1 5 2  ---------------- 0001 | 0101 | 0010

30 RNS(789) === 2 6 3  ---------------- 0010 | 0110 | 0011

31 RNS(789) === 3 7 4  ---------------- 0011 | 0111 | 0100

32 RNS(789) === 4 0 5  ---------------- 0100 | 0000 | 0101

33 RNS(789) === 5 1 6  ---------------- 0101 | 0001 | 0110

34 RNS(789) === 6 2 7  ---------------- 0110 | 0010 | 0111

35 RNS(789) === 0 3 8  ---------------- 0000 | 0011 | 1000

36 RNS(789) === 1 4 0  ---------------- 0001 | 0100 | 0000

37 RNS(789) === 2 5 1  ---------------- 0010 | 0101 | 0001

38 RNS(789) === 3 6 2  ---------------- 0011 | 0110 | 0010

39 RNS(789) === 4 7 3  ---------------- 0100 | 0111 | 0011

40 RNS(789) === 5 0 4  ---------------- 0101 | 0000 | 0100

41 RNS(789) === 6 1 5  ---------------- 0110 | 0001 | 0101

42 RNS(789) === 0 2 6  ---------------- 0000 | 0010 | 0110

43 RNS(789) === 1 3 7  ---------------- 0001 | 0011 | 0111

44 RNS(789) === 2 4 8  ---------------- 0010 | 0100 | 1000

45 RNS(789) === 3 5 0  ---------------- 0011 | 0101 | 0000

46 RNS(789) === 4 6 1  ---------------- 0100 | 0110 | 0001

47 RNS(789) === 5 7 2  ---------------- 0101 | 0111 | 0010

48 RNS(789) === 6 0 3  ---------------- 0110 | 0000 | 0011

49 RNS(789) === 0 1 4  ---------------- 0000 | 0001 | 0100

50 RNS(789) === 1 2 5  ---------------- 0001 | 0010 | 0101

51 RNS(789) === 2 3 6  ---------------- 0010 | 0011 | 0110

52 RNS(789) === 3 4 7  ---------------- 0011 | 0100 | 0111

53 RNS(789) === 4 5 8  ---------------- 0100 | 0101 | 1000

54 RNS(789) === 5 6 0  ---------------- 0101 | 0110 | 0000

55 RNS(789) === 6 7 1  ---------------- 0110 | 0111 | 0001

56 RNS(789) === 0 0 2  ---------------- 0000 | 0000 | 0010

57 RNS(789) === 1 1 3  ---------------- 0001 | 0001 | 0011

58 RNS(789) === 2 2 4  ---------------- 0010 | 0010 | 0100

59 RNS(789) === 3 3 5  ---------------- 0011 | 0011 | 0101

60 RNS(789) === 4 4 6  ---------------- 0100 | 0100 | 0110

61 RNS(789) === 5 5 7  ---------------- 0101 | 0101 | 0111

62 RNS(789) === 6 6 8  ---------------- 0110 | 0110 | 1000

63 RNS(789) === 0 7 0  ---------------- 0000 | 0111 | 0000

64 RNS(789) === 1 0 1  ---------------- 0001 | 0000 | 0001

65 RNS(789) === 2 1 2  ---------------- 0010 | 0001 | 0010

66 RNS(789) === 3 2 3  ---------------- 0011 | 0010 | 0011

67 RNS(789) === 4 3 4  ---------------- 0100 | 0011 | 0100

68 RNS(789) === 5 4 5  ---------------- 0101 | 0100 | 0101

69 RNS(789) === 6 5 6  ---------------- 0110 | 0101 | 0110

70 RNS(789) === 0 6 7  ---------------- 0000 | 0110 | 0111

71 RNS(789) === 1 7 8  ---------------- 0001 | 0111 | 1000

72 RNS(789) === 2 0 0  ---------------- 0010 | 0000 | 0000

73 RNS(789) === 3 1 1  ---------------- 0011 | 0001 | 0001

74 RNS(789) === 4 2 2  ---------------- 0100 | 0010 | 0010

75 RNS(789) === 5 3 3  ---------------- 0101 | 0011 | 0011

76 RNS(789) === 6 4 4  ---------------- 0110 | 0100 | 0100

77 RNS(789) === 0 5 5  ---------------- 0000 | 0101 | 0101

78 RNS(789) === 1 6 6  ---------------- 0001 | 0110 | 0110

79 RNS(789) === 2 7 7  ---------------- 0010 | 0111 | 0111

80 RNS(789) === 3 0 8  ---------------- 0011 | 0000 | 1000

81 RNS(789) === 4 1 0  ---------------- 0100 | 0001 | 0000

82 RNS(789) === 5 2 1  ---------------- 0101 | 0010 | 0001

83 RNS(789) === 6 3 2  ---------------- 0110 | 0011 | 0010

84 RNS(789) === 0 4 3  ---------------- 0000 | 0100 | 0011

85 RNS(789) === 1 5 4  ---------------- 0001 | 0101 | 0100

86 RNS(789) === 2 6 5  ---------------- 0010 | 0110 | 0101

87 RNS(789) === 3 7 6  ---------------- 0011 | 0111 | 0110

88 RNS(789) === 4 0 7  ---------------- 0100 | 0000 | 0111

89 RNS(789) === 5 1 8  ---------------- 0101 | 0001 | 1000

90 RNS(789) === 6 2 0  ---------------- 0110 | 0010 | 0000

91 RNS(789) === 0 3 1  ---------------- 0000 | 0011 | 0001

92 RNS(789) === 1 4 2  ---------------- 0001 | 0100 | 0010

93 RNS(789) === 2 5 3  ---------------- 0010 | 0101 | 0011

94 RNS(789) === 3 6 4  ---------------- 0011 | 0110 | 0100

95 RNS(789) === 4 7 5  ---------------- 0100 | 0111 | 0101

96 RNS(789) === 5 0 6  ---------------- 0101 | 0000 | 0110

97 RNS(789) === 6 1 7  ---------------- 0110 | 0001 | 0111

98 RNS(789) === 0 2 8  ---------------- 0000 | 0010 | 1000

99 RNS(789) === 1 3 0  ---------------- 0001 | 0011 | 0000

100 RNS(789) === 2 4 1  ---------------- 0010 | 0100 | 0001

101 RNS(789) === 3 5 2  ---------------- 0011 | 0101 | 0010

102 RNS(789) === 4 6 3  ---------------- 0100 | 0110 | 0011

103 RNS(789) === 5 7 4  ---------------- 0101 | 0111 | 0100

104 RNS(789) === 6 0 5  ---------------- 0110 | 0000 | 0101

105 RNS(789) === 0 1 6  ---------------- 0000 | 0001 | 0110

106 RNS(789) === 1 2 7  ---------------- 0001 | 0010 | 0111

107 RNS(789) === 2 3 8  ---------------- 0010 | 0011 | 1000

108 RNS(789) === 3 4 0  ---------------- 0011 | 0100 | 0000

109 RNS(789) === 4 5 1  ---------------- 0100 | 0101 | 0001

110 RNS(789) === 5 6 2  ---------------- 0101 | 0110 | 0010

111 RNS(789) === 6 7 3  ---------------- 0110 | 0111 | 0011

112 RNS(789) === 0 0 4  ---------------- 0000 | 0000 | 0100

113 RNS(789) === 1 1 5  ---------------- 0001 | 0001 | 0101

114 RNS(789) === 2 2 6  ---------------- 0010 | 0010 | 0110

115 RNS(789) === 3 3 7  ---------------- 0011 | 0011 | 0111

116 RNS(789) === 4 4 8  ---------------- 0100 | 0100 | 1000

117 RNS(789) === 5 5 0  ---------------- 0101 | 0101 | 0000

118 RNS(789) === 6 6 1  ---------------- 0110 | 0110 | 0001

119 RNS(789) === 0 7 2  ---------------- 0000 | 0111 | 0010

120 RNS(789) === 1 0 3  ---------------- 0001 | 0000 | 0011

121 RNS(789) === 2 1 4  ---------------- 0010 | 0001 | 0100

122 RNS(789) === 3 2 5  ---------------- 0011 | 0010 | 0101

123 RNS(789) === 4 3 6  ---------------- 0100 | 0011 | 0110

124 RNS(789) === 5 4 7  ---------------- 0101 | 0100 | 0111

125 RNS(789) === 6 5 8  ---------------- 0110 | 0101 | 1000

126 RNS(789) === 0 6 0  ---------------- 0000 | 0110 | 0000

127 RNS(789) === 1 7 1  ---------------- 0001 | 0111 | 0001

128 RNS(789) === 2 0 2  ---------------- 0010 | 0000 | 0010

129 RNS(789) === 3 1 3  ---------------- 0011 | 0001 | 0011

130 RNS(789) === 4 2 4  ---------------- 0100 | 0010 | 0100

131 RNS(789) === 5 3 5  ---------------- 0101 | 0011 | 0101

132 RNS(789) === 6 4 6  ---------------- 0110 | 0100 | 0110

133 RNS(789) === 0 5 7  ---------------- 0000 | 0101 | 0111

134 RNS(789) === 1 6 8  ---------------- 0001 | 0110 | 1000

135 RNS(789) === 2 7 0  ---------------- 0010 | 0111 | 0000

136 RNS(789) === 3 0 1  ---------------- 0011 | 0000 | 0001

137 RNS(789) === 4 1 2  ---------------- 0100 | 0001 | 0010

138 RNS(789) === 5 2 3  ---------------- 0101 | 0010 | 0011

139 RNS(789) === 6 3 4  ---------------- 0110 | 0011 | 0100

140 RNS(789) === 0 4 5  ---------------- 0000 | 0100 | 0101

141 RNS(789) === 1 5 6  ---------------- 0001 | 0101 | 0110

142 RNS(789) === 2 6 7  ---------------- 0010 | 0110 | 0111

143 RNS(789) === 3 7 8  ---------------- 0011 | 0111 | 1000

144 RNS(789) === 4 0 0  ---------------- 0100 | 0000 | 0000

145 RNS(789) === 5 1 1  ---------------- 0101 | 0001 | 0001

146 RNS(789) === 6 2 2  ---------------- 0110 | 0010 | 0010

147 RNS(789) === 0 3 3  ---------------- 0000 | 0011 | 0011

148 RNS(789) === 1 4 4  ---------------- 0001 | 0100 | 0100

149 RNS(789) === 2 5 5  ---------------- 0010 | 0101 | 0101

150 RNS(789) === 3 6 6  ---------------- 0011 | 0110 | 0110

151 RNS(789) === 4 7 7  ---------------- 0100 | 0111 | 0111

152 RNS(789) === 5 0 8  ---------------- 0101 | 0000 | 1000

153 RNS(789) === 6 1 0  ---------------- 0110 | 0001 | 0000

154 RNS(789) === 0 2 1  ---------------- 0000 | 0010 | 0001

155 RNS(789) === 1 3 2  ---------------- 0001 | 0011 | 0010

156 RNS(789) === 2 4 3  ---------------- 0010 | 0100 | 0011

157 RNS(789) === 3 5 4  ---------------- 0011 | 0101 | 0100

158 RNS(789) === 4 6 5  ---------------- 0100 | 0110 | 0101

159 RNS(789) === 5 7 6  ---------------- 0101 | 0111 | 0110

160 RNS(789) === 6 0 7  ---------------- 0110 | 0000 | 0111

161 RNS(789) === 0 1 8  ---------------- 0000 | 0001 | 1000

162 RNS(789) === 1 2 0  ---------------- 0001 | 0010 | 0000

163 RNS(789) === 2 3 1  ---------------- 0010 | 0011 | 0001

164 RNS(789) === 3 4 2  ---------------- 0011 | 0100 | 0010

165 RNS(789) === 4 5 3  ---------------- 0100 | 0101 | 0011

166 RNS(789) === 5 6 4  ---------------- 0101 | 0110 | 0100

167 RNS(789) === 6 7 5  ---------------- 0110 | 0111 | 0101

168 RNS(789) === 0 0 6  ---------------- 0000 | 0000 | 0110

169 RNS(789) === 1 1 7  ---------------- 0001 | 0001 | 0111

170 RNS(789) === 2 2 8  ---------------- 0010 | 0010 | 1000

171 RNS(789) === 3 3 0  ---------------- 0011 | 0011 | 0000

172 RNS(789) === 4 4 1  ---------------- 0100 | 0100 | 0001

173 RNS(789) === 5 5 2  ---------------- 0101 | 0101 | 0010

174 RNS(789) === 6 6 3  ---------------- 0110 | 0110 | 0011

175 RNS(789) === 0 7 4  ---------------- 0000 | 0111 | 0100

176 RNS(789) === 1 0 5  ---------------- 0001 | 0000 | 0101

177 RNS(789) === 2 1 6  ---------------- 0010 | 0001 | 0110

178 RNS(789) === 3 2 7  ---------------- 0011 | 0010 | 0111

179 RNS(789) === 4 3 8  ---------------- 0100 | 0011 | 1000

180 RNS(789) === 5 4 0  ---------------- 0101 | 0100 | 0000

181 RNS(789) === 6 5 1  ---------------- 0110 | 0101 | 0001

182 RNS(789) === 0 6 2  ---------------- 0000 | 0110 | 0010

183 RNS(789) === 1 7 3  ---------------- 0001 | 0111 | 0011

184 RNS(789) === 2 0 4  ---------------- 0010 | 0000 | 0100

185 RNS(789) === 3 1 5  ---------------- 0011 | 0001 | 0101

186 RNS(789) === 4 2 6  ---------------- 0100 | 0010 | 0110

187 RNS(789) === 5 3 7  ---------------- 0101 | 0011 | 0111

188 RNS(789) === 6 4 8  ---------------- 0110 | 0100 | 1000

189 RNS(789) === 0 5 0  ---------------- 0000 | 0101 | 0000

190 RNS(789) === 1 6 1  ---------------- 0001 | 0110 | 0001

191 RNS(789) === 2 7 2  ---------------- 0010 | 0111 | 0010

192 RNS(789) === 3 0 3  ---------------- 0011 | 0000 | 0011

193 RNS(789) === 4 1 4  ---------------- 0100 | 0001 | 0100

194 RNS(789) === 5 2 5  ---------------- 0101 | 0010 | 0101

195 RNS(789) === 6 3 6  ---------------- 0110 | 0011 | 0110

196 RNS(789) === 0 4 7  ---------------- 0000 | 0100 | 0111

197 RNS(789) === 1 5 8  ---------------- 0001 | 0101 | 1000

198 RNS(789) === 2 6 0  ---------------- 0010 | 0110 | 0000

199 RNS(789) === 3 7 1  ---------------- 0011 | 0111 | 0001

200 RNS(789) === 4 0 2  ---------------- 0100 | 0000 | 0010

201 RNS(789) === 5 1 3  ---------------- 0101 | 0001 | 0011

202 RNS(789) === 6 2 4  ---------------- 0110 | 0010 | 0100

203 RNS(789) === 0 3 5  ---------------- 0000 | 0011 | 0101

204 RNS(789) === 1 4 6  ---------------- 0001 | 0100 | 0110

205 RNS(789) === 2 5 7  ---------------- 0010 | 0101 | 0111

206 RNS(789) === 3 6 8  ---------------- 0011 | 0110 | 1000

207 RNS(789) === 4 7 0  ---------------- 0100 | 0111 | 0000

208 RNS(789) === 5 0 1  ---------------- 0101 | 0000 | 0001

209 RNS(789) === 6 1 2  ---------------- 0110 | 0001 | 0010

210 RNS(789) === 0 2 3  ---------------- 0000 | 0010 | 0011

211 RNS(789) === 1 3 4  ---------------- 0001 | 0011 | 0100

212 RNS(789) === 2 4 5  ---------------- 0010 | 0100 | 0101

213 RNS(789) === 3 5 6  ---------------- 0011 | 0101 | 0110

214 RNS(789) === 4 6 7  ---------------- 0100 | 0110 | 0111

215 RNS(789) === 5 7 8  ---------------- 0101 | 0111 | 1000

216 RNS(789) === 6 0 0  ---------------- 0110 | 0000 | 0000

217 RNS(789) === 0 1 1  ---------------- 0000 | 0001 | 0001

218 RNS(789) === 1 2 2  ---------------- 0001 | 0010 | 0010

219 RNS(789) === 2 3 3  ---------------- 0010 | 0011 | 0011

220 RNS(789) === 3 4 4  ---------------- 0011 | 0100 | 0100

221 RNS(789) === 4 5 5  ---------------- 0100 | 0101 | 0101

222 RNS(789) === 5 6 6  ---------------- 0101 | 0110 | 0110

223 RNS(789) === 6 7 7  ---------------- 0110 | 0111 | 0111

224 RNS(789) === 0 0 8  ---------------- 0000 | 0000 | 1000

225 RNS(789) === 1 1 0  ---------------- 0001 | 0001 | 0000

226 RNS(789) === 2 2 1  ---------------- 0010 | 0010 | 0001

227 RNS(789) === 3 3 2  ---------------- 0011 | 0011 | 0010

228 RNS(789) === 4 4 3  ---------------- 0100 | 0100 | 0011

229 RNS(789) === 5 5 4  ---------------- 0101 | 0101 | 0100

230 RNS(789) === 6 6 5  ---------------- 0110 | 0110 | 0101

231 RNS(789) === 0 7 6  ---------------- 0000 | 0111 | 0110

232 RNS(789) === 1 0 7  ---------------- 0001 | 0000 | 0111

233 RNS(789) === 2 1 8  ---------------- 0010 | 0001 | 1000

234 RNS(789) === 3 2 0  ---------------- 0011 | 0010 | 0000

235 RNS(789) === 4 3 1  ---------------- 0100 | 0011 | 0001

236 RNS(789) === 5 4 2  ---------------- 0101 | 0100 | 0010

237 RNS(789) === 6 5 3  ---------------- 0110 | 0101 | 0011

238 RNS(789) === 0 6 4  ---------------- 0000 | 0110 | 0100

239 RNS(789) === 1 7 5  ---------------- 0001 | 0111 | 0101

240 RNS(789) === 2 0 6  ---------------- 0010 | 0000 | 0110

241 RNS(789) === 3 1 7  ---------------- 0011 | 0001 | 0111

242 RNS(789) === 4 2 8  ---------------- 0100 | 0010 | 1000

243 RNS(789) === 5 3 0  ---------------- 0101 | 0011 | 0000

244 RNS(789) === 6 4 1  ---------------- 0110 | 0100 | 0001

245 RNS(789) === 0 5 2  ---------------- 0000 | 0101 | 0010

246 RNS(789) === 1 6 3  ---------------- 0001 | 0110 | 0011

247 RNS(789) === 2 7 4  ---------------- 0010 | 0111 | 0100

248 RNS(789) === 3 0 5  ---------------- 0011 | 0000 | 0101

249 RNS(789) === 4 1 6  ---------------- 0100 | 0001 | 0110

250 RNS(789) === 5 2 7  ---------------- 0101 | 0010 | 0111

251 RNS(789) === 6 3 8  ---------------- 0110 | 0011 | 1000

252 RNS(789) === 0 4 0  ---------------- 0000 | 0100 | 0000

253 RNS(789) === 1 5 1  ---------------- 0001 | 0101 | 0001

254 RNS(789) === 2 6 2  ---------------- 0010 | 0110 | 0010

255 RNS(789) === 3 7 3  ---------------- 0011 | 0111 | 0011

256 RNS(789) === 4 0 4  ---------------- 0100 | 0000 | 0100

257 RNS(789) === 5 1 5  ---------------- 0101 | 0001 | 0101

258 RNS(789) === 6 2 6  ---------------- 0110 | 0010 | 0110

259 RNS(789) === 0 3 7  ---------------- 0000 | 0011 | 0111

260 RNS(789) === 1 4 8  ---------------- 0001 | 0100 | 1000

261 RNS(789) === 2 5 0  ---------------- 0010 | 0101 | 0000

262 RNS(789) === 3 6 1  ---------------- 0011 | 0110 | 0001

263 RNS(789) === 4 7 2  ---------------- 0100 | 0111 | 0010

264 RNS(789) === 5 0 3  ---------------- 0101 | 0000 | 0011

265 RNS(789) === 6 1 4  ---------------- 0110 | 0001 | 0100

266 RNS(789) === 0 2 5  ---------------- 0000 | 0010 | 0101

267 RNS(789) === 1 3 6  ---------------- 0001 | 0011 | 0110

268 RNS(789) === 2 4 7  ---------------- 0010 | 0100 | 0111

269 RNS(789) === 3 5 8  ---------------- 0011 | 0101 | 1000

270 RNS(789) === 4 6 0  ---------------- 0100 | 0110 | 0000

271 RNS(789) === 5 7 1  ---------------- 0101 | 0111 | 0001

272 RNS(789) === 6 0 2  ---------------- 0110 | 0000 | 0010

273 RNS(789) === 0 1 3  ---------------- 0000 | 0001 | 0011

274 RNS(789) === 1 2 4  ---------------- 0001 | 0010 | 0100

275 RNS(789) === 2 3 5  ---------------- 0010 | 0011 | 0101

276 RNS(789) === 3 4 6  ---------------- 0011 | 0100 | 0110

277 RNS(789) === 4 5 7  ---------------- 0100 | 0101 | 0111

278 RNS(789) === 5 6 8  ---------------- 0101 | 0110 | 1000

279 RNS(789) === 6 7 0  ---------------- 0110 | 0111 | 0000

280 RNS(789) === 0 0 1  ---------------- 0000 | 0000 | 0001

281 RNS(789) === 1 1 2  ---------------- 0001 | 0001 | 0010

282 RNS(789) === 2 2 3  ---------------- 0010 | 0010 | 0011

283 RNS(789) === 3 3 4  ---------------- 0011 | 0011 | 0100

284 RNS(789) === 4 4 5  ---------------- 0100 | 0100 | 0101

285 RNS(789) === 5 5 6  ---------------- 0101 | 0101 | 0110

286 RNS(789) === 6 6 7  ---------------- 0110 | 0110 | 0111

287 RNS(789) === 0 7 8  ---------------- 0000 | 0111 | 1000

288 RNS(789) === 1 0 0  ---------------- 0001 | 0000 | 0000

289 RNS(789) === 2 1 1  ---------------- 0010 | 0001 | 0001

290 RNS(789) === 3 2 2  ---------------- 0011 | 0010 | 0010

291 RNS(789) === 4 3 3  ---------------- 0100 | 0011 | 0011

292 RNS(789) === 5 4 4  ---------------- 0101 | 0100 | 0100

293 RNS(789) === 6 5 5  ---------------- 0110 | 0101 | 0101

294 RNS(789) === 0 6 6  ---------------- 0000 | 0110 | 0110

295 RNS(789) === 1 7 7  ---------------- 0001 | 0111 | 0111

296 RNS(789) === 2 0 8  ---------------- 0010 | 0000 | 1000

297 RNS(789) === 3 1 0  ---------------- 0011 | 0001 | 0000

298 RNS(789) === 4 2 1  ---------------- 0100 | 0010 | 0001

299 RNS(789) === 5 3 2  ---------------- 0101 | 0011 | 0010

300 RNS(789) === 6 4 3  ---------------- 0110 | 0100 | 0011

301 RNS(789) === 0 5 4  ---------------- 0000 | 0101 | 0100

302 RNS(789) === 1 6 5  ---------------- 0001 | 0110 | 0101

303 RNS(789) === 2 7 6  ---------------- 0010 | 0111 | 0110

304 RNS(789) === 3 0 7  ---------------- 0011 | 0000 | 0111

305 RNS(789) === 4 1 8  ---------------- 0100 | 0001 | 1000

306 RNS(789) === 5 2 0  ---------------- 0101 | 0010 | 0000

307 RNS(789) === 6 3 1  ---------------- 0110 | 0011 | 0001

308 RNS(789) === 0 4 2  ---------------- 0000 | 0100 | 0010

309 RNS(789) === 1 5 3  ---------------- 0001 | 0101 | 0011

310 RNS(789) === 2 6 4  ---------------- 0010 | 0110 | 0100

311 RNS(789) === 3 7 5  ---------------- 0011 | 0111 | 0101

312 RNS(789) === 4 0 6  ---------------- 0100 | 0000 | 0110

313 RNS(789) === 5 1 7  ---------------- 0101 | 0001 | 0111

314 RNS(789) === 6 2 8  ---------------- 0110 | 0010 | 1000

315 RNS(789) === 0 3 0  ---------------- 0000 | 0011 | 0000

316 RNS(789) === 1 4 1  ---------------- 0001 | 0100 | 0001

317 RNS(789) === 2 5 2  ---------------- 0010 | 0101 | 0010

318 RNS(789) === 3 6 3  ---------------- 0011 | 0110 | 0011

319 RNS(789) === 4 7 4  ---------------- 0100 | 0111 | 0100

320 RNS(789) === 5 0 5  ---------------- 0101 | 0000 | 0101

321 RNS(789) === 6 1 6  ---------------- 0110 | 0001 | 0110

322 RNS(789) === 0 2 7  ---------------- 0000 | 0010 | 0111

323 RNS(789) === 1 3 8  ---------------- 0001 | 0011 | 1000

324 RNS(789) === 2 4 0  ---------------- 0010 | 0100 | 0000

325 RNS(789) === 3 5 1  ---------------- 0011 | 0101 | 0001

326 RNS(789) === 4 6 2  ---------------- 0100 | 0110 | 0010

327 RNS(789) === 5 7 3  ---------------- 0101 | 0111 | 0011

328 RNS(789) === 6 0 4  ---------------- 0110 | 0000 | 0100

329 RNS(789) === 0 1 5  ---------------- 0000 | 0001 | 0101

330 RNS(789) === 1 2 6  ---------------- 0001 | 0010 | 0110

331 RNS(789) === 2 3 7  ---------------- 0010 | 0011 | 0111

332 RNS(789) === 3 4 8  ---------------- 0011 | 0100 | 1000

333 RNS(789) === 4 5 0  ---------------- 0100 | 0101 | 0000

334 RNS(789) === 5 6 1  ---------------- 0101 | 0110 | 0001

335 RNS(789) === 6 7 2  ---------------- 0110 | 0111 | 0010

336 RNS(789) === 0 0 3  ---------------- 0000 | 0000 | 0011

337 RNS(789) === 1 1 4  ---------------- 0001 | 0001 | 0100

338 RNS(789) === 2 2 5  ---------------- 0010 | 0010 | 0101

339 RNS(789) === 3 3 6  ---------------- 0011 | 0011 | 0110

340 RNS(789) === 4 4 7  ---------------- 0100 | 0100 | 0111

341 RNS(789) === 5 5 8  ---------------- 0101 | 0101 | 1000

342 RNS(789) === 6 6 0  ---------------- 0110 | 0110 | 0000

343 RNS(789) === 0 7 1  ---------------- 0000 | 0111 | 0001

344 RNS(789) === 1 0 2  ---------------- 0001 | 0000 | 0010

345 RNS(789) === 2 1 3  ---------------- 0010 | 0001 | 0011

346 RNS(789) === 3 2 4  ---------------- 0011 | 0010 | 0100

347 RNS(789) === 4 3 5  ---------------- 0100 | 0011 | 0101

348 RNS(789) === 5 4 6  ---------------- 0101 | 0100 | 0110

349 RNS(789) === 6 5 7  ---------------- 0110 | 0101 | 0111

350 RNS(789) === 0 6 8  ---------------- 0000 | 0110 | 1000

351 RNS(789) === 1 7 0  ---------------- 0001 | 0111 | 0000

352 RNS(789) === 2 0 1  ---------------- 0010 | 0000 | 0001

353 RNS(789) === 3 1 2  ---------------- 0011 | 0001 | 0010

354 RNS(789) === 4 2 3  ---------------- 0100 | 0010 | 0011

355 RNS(789) === 5 3 4  ---------------- 0101 | 0011 | 0100

356 RNS(789) === 6 4 5  ---------------- 0110 | 0100 | 0101

357 RNS(789) === 0 5 6  ---------------- 0000 | 0101 | 0110

358 RNS(789) === 1 6 7  ---------------- 0001 | 0110 | 0111

359 RNS(789) === 2 7 8  ---------------- 0010 | 0111 | 1000

360 RNS(789) === 3 0 0  ---------------- 0011 | 0000 | 0000

361 RNS(789) === 4 1 1  ---------------- 0100 | 0001 | 0001

362 RNS(789) === 5 2 2  ---------------- 0101 | 0010 | 0010

363 RNS(789) === 6 3 3  ---------------- 0110 | 0011 | 0011

364 RNS(789) === 0 4 4  ---------------- 0000 | 0100 | 0100

365 RNS(789) === 1 5 5  ---------------- 0001 | 0101 | 0101

366 RNS(789) === 2 6 6  ---------------- 0010 | 0110 | 0110

367 RNS(789) === 3 7 7  ---------------- 0011 | 0111 | 0111

368 RNS(789) === 4 0 8  ---------------- 0100 | 0000 | 1000

369 RNS(789) === 5 1 0  ---------------- 0101 | 0001 | 0000

370 RNS(789) === 6 2 1  ---------------- 0110 | 0010 | 0001

371 RNS(789) === 0 3 2  ---------------- 0000 | 0011 | 0010

372 RNS(789) === 1 4 3  ---------------- 0001 | 0100 | 0011

373 RNS(789) === 2 5 4  ---------------- 0010 | 0101 | 0100

374 RNS(789) === 3 6 5  ---------------- 0011 | 0110 | 0101

375 RNS(789) === 4 7 6  ---------------- 0100 | 0111 | 0110

376 RNS(789) === 5 0 7  ---------------- 0101 | 0000 | 0111

377 RNS(789) === 6 1 8  ---------------- 0110 | 0001 | 1000

378 RNS(789) === 0 2 0  ---------------- 0000 | 0010 | 0000

379 RNS(789) === 1 3 1  ---------------- 0001 | 0011 | 0001

380 RNS(789) === 2 4 2  ---------------- 0010 | 0100 | 0010

381 RNS(789) === 3 5 3  ---------------- 0011 | 0101 | 0011

382 RNS(789) === 4 6 4  ---------------- 0100 | 0110 | 0100

383 RNS(789) === 5 7 5  ---------------- 0101 | 0111 | 0101

384 RNS(789) === 6 0 6  ---------------- 0110 | 0000 | 0110

385 RNS(789) === 0 1 7  ---------------- 0000 | 0001 | 0111

386 RNS(789) === 1 2 8  ---------------- 0001 | 0010 | 1000

387 RNS(789) === 2 3 0  ---------------- 0010 | 0011 | 0000

388 RNS(789) === 3 4 1  ---------------- 0011 | 0100 | 0001

389 RNS(789) === 4 5 2  ---------------- 0100 | 0101 | 0010

390 RNS(789) === 5 6 3  ---------------- 0101 | 0110 | 0011

391 RNS(789) === 6 7 4  ---------------- 0110 | 0111 | 0100

392 RNS(789) === 0 0 5  ---------------- 0000 | 0000 | 0101

393 RNS(789) === 1 1 6  ---------------- 0001 | 0001 | 0110

394 RNS(789) === 2 2 7  ---------------- 0010 | 0010 | 0111

395 RNS(789) === 3 3 8  ---------------- 0011 | 0011 | 1000

396 RNS(789) === 4 4 0  ---------------- 0100 | 0100 | 0000

397 RNS(789) === 5 5 1  ---------------- 0101 | 0101 | 0001

398 RNS(789) === 6 6 2  ---------------- 0110 | 0110 | 0010

399 RNS(789) === 0 7 3  ---------------- 0000 | 0111 | 0011

400 RNS(789) === 1 0 4  ---------------- 0001 | 0000 | 0100

401 RNS(789) === 2 1 5  ---------------- 0010 | 0001 | 0101

402 RNS(789) === 3 2 6  ---------------- 0011 | 0010 | 0110

403 RNS(789) === 4 3 7  ---------------- 0100 | 0011 | 0111

404 RNS(789) === 5 4 8  ---------------- 0101 | 0100 | 1000

405 RNS(789) === 6 5 0  ---------------- 0110 | 0101 | 0000

406 RNS(789) === 0 6 1  ---------------- 0000 | 0110 | 0001

407 RNS(789) === 1 7 2  ---------------- 0001 | 0111 | 0010

408 RNS(789) === 2 0 3  ---------------- 0010 | 0000 | 0011

409 RNS(789) === 3 1 4  ---------------- 0011 | 0001 | 0100

410 RNS(789) === 4 2 5  ---------------- 0100 | 0010 | 0101

411 RNS(789) === 5 3 6  ---------------- 0101 | 0011 | 0110

412 RNS(789) === 6 4 7  ---------------- 0110 | 0100 | 0111

413 RNS(789) === 0 5 8  ---------------- 0000 | 0101 | 1000

414 RNS(789) === 1 6 0  ---------------- 0001 | 0110 | 0000

415 RNS(789) === 2 7 1  ---------------- 0010 | 0111 | 0001

416 RNS(789) === 3 0 2  ---------------- 0011 | 0000 | 0010

417 RNS(789) === 4 1 3  ---------------- 0100 | 0001 | 0011

418 RNS(789) === 5 2 4  ---------------- 0101 | 0010 | 0100

419 RNS(789) === 6 3 5  ---------------- 0110 | 0011 | 0101

420 RNS(789) === 0 4 6  ---------------- 0000 | 0100 | 0110

421 RNS(789) === 1 5 7  ---------------- 0001 | 0101 | 0111

422 RNS(789) === 2 6 8  ---------------- 0010 | 0110 | 1000

423 RNS(789) === 3 7 0  ---------------- 0011 | 0111 | 0000

424 RNS(789) === 4 0 1  ---------------- 0100 | 0000 | 0001

425 RNS(789) === 5 1 2  ---------------- 0101 | 0001 | 0010

426 RNS(789) === 6 2 3  ---------------- 0110 | 0010 | 0011

427 RNS(789) === 0 3 4  ---------------- 0000 | 0011 | 0100

428 RNS(789) === 1 4 5  ---------------- 0001 | 0100 | 0101

429 RNS(789) === 2 5 6  ---------------- 0010 | 0101 | 0110

430 RNS(789) === 3 6 7  ---------------- 0011 | 0110 | 0111

431 RNS(789) === 4 7 8  ---------------- 0100 | 0111 | 1000

432 RNS(789) === 5 0 0  ---------------- 0101 | 0000 | 0000

433 RNS(789) === 6 1 1  ---------------- 0110 | 0001 | 0001

434 RNS(789) === 0 2 2  ---------------- 0000 | 0010 | 0010

435 RNS(789) === 1 3 3  ---------------- 0001 | 0011 | 0011

436 RNS(789) === 2 4 4  ---------------- 0010 | 0100 | 0100

437 RNS(789) === 3 5 5  ---------------- 0011 | 0101 | 0101

438 RNS(789) === 4 6 6  ---------------- 0100 | 0110 | 0110

439 RNS(789) === 5 7 7  ---------------- 0101 | 0111 | 0111

440 RNS(789) === 6 0 8  ---------------- 0110 | 0000 | 1000

441 RNS(789) === 0 1 0  ---------------- 0000 | 0001 | 0000

442 RNS(789) === 1 2 1  ---------------- 0001 | 0010 | 0001

443 RNS(789) === 2 3 2  ---------------- 0010 | 0011 | 0010

444 RNS(789) === 3 4 3  ---------------- 0011 | 0100 | 0011

445 RNS(789) === 4 5 4  ---------------- 0100 | 0101 | 0100

446 RNS(789) === 5 6 5  ---------------- 0101 | 0110 | 0101

447 RNS(789) === 6 7 6  ---------------- 0110 | 0111 | 0110

448 RNS(789) === 0 0 7  ---------------- 0000 | 0000 | 0111

449 RNS(789) === 1 1 8  ---------------- 0001 | 0001 | 1000

450 RNS(789) === 2 2 0  ---------------- 0010 | 0010 | 0000

451 RNS(789) === 3 3 1  ---------------- 0011 | 0011 | 0001

452 RNS(789) === 4 4 2  ---------------- 0100 | 0100 | 0010

453 RNS(789) === 5 5 3  ---------------- 0101 | 0101 | 0011

454 RNS(789) === 6 6 4  ---------------- 0110 | 0110 | 0100

455 RNS(789) === 0 7 5  ---------------- 0000 | 0111 | 0101

456 RNS(789) === 1 0 6  ---------------- 0001 | 0000 | 0110

457 RNS(789) === 2 1 7  ---------------- 0010 | 0001 | 0111

458 RNS(789) === 3 2 8  ---------------- 0011 | 0010 | 1000

459 RNS(789) === 4 3 0  ---------------- 0100 | 0011 | 0000

460 RNS(789) === 5 4 1  ---------------- 0101 | 0100 | 0001

461 RNS(789) === 6 5 2  ---------------- 0110 | 0101 | 0010

462 RNS(789) === 0 6 3  ---------------- 0000 | 0110 | 0011

463 RNS(789) === 1 7 4  ---------------- 0001 | 0111 | 0100

464 RNS(789) === 2 0 5  ---------------- 0010 | 0000 | 0101

465 RNS(789) === 3 1 6  ---------------- 0011 | 0001 | 0110

466 RNS(789) === 4 2 7  ---------------- 0100 | 0010 | 0111

467 RNS(789) === 5 3 8  ---------------- 0101 | 0011 | 1000

468 RNS(789) === 6 4 0  ---------------- 0110 | 0100 | 0000

469 RNS(789) === 0 5 1  ---------------- 0000 | 0101 | 0001

470 RNS(789) === 1 6 2  ---------------- 0001 | 0110 | 0010

471 RNS(789) === 2 7 3  ---------------- 0010 | 0111 | 0011

472 RNS(789) === 3 0 4  ---------------- 0011 | 0000 | 0100

473 RNS(789) === 4 1 5  ---------------- 0100 | 0001 | 0101

474 RNS(789) === 5 2 6  ---------------- 0101 | 0010 | 0110

475 RNS(789) === 6 3 7  ---------------- 0110 | 0011 | 0111

476 RNS(789) === 0 4 8  ---------------- 0000 | 0100 | 1000

477 RNS(789) === 1 5 0  ---------------- 0001 | 0101 | 0000

478 RNS(789) === 2 6 1  ---------------- 0010 | 0110 | 0001

479 RNS(789) === 3 7 2  ---------------- 0011 | 0111 | 0010

480 RNS(789) === 4 0 3  ---------------- 0100 | 0000 | 0011

481 RNS(789) === 5 1 4  ---------------- 0101 | 0001 | 0100

482 RNS(789) === 6 2 5  ---------------- 0110 | 0010 | 0101

483 RNS(789) === 0 3 6  ---------------- 0000 | 0011 | 0110

484 RNS(789) === 1 4 7  ---------------- 0001 | 0100 | 0111

485 RNS(789) === 2 5 8  ---------------- 0010 | 0101 | 1000

486 RNS(789) === 3 6 0  ---------------- 0011 | 0110 | 0000

487 RNS(789) === 4 7 1  ---------------- 0100 | 0111 | 0001

488 RNS(789) === 5 0 2  ---------------- 0101 | 0000 | 0010

489 RNS(789) === 6 1 3  ---------------- 0110 | 0001 | 0011

490 RNS(789) === 0 2 4  ---------------- 0000 | 0010 | 0100

491 RNS(789) === 1 3 5  ---------------- 0001 | 0011 | 0101

492 RNS(789) === 2 4 6  ---------------- 0010 | 0100 | 0110

493 RNS(789) === 3 5 7  ---------------- 0011 | 0101 | 0111

494 RNS(789) === 4 6 8  ---------------- 0100 | 0110 | 1000

495 RNS(789) === 5 7 0  ---------------- 0101 | 0111 | 0000

496 RNS(789) === 6 0 1  ---------------- 0110 | 0000 | 0001

497 RNS(789) === 0 1 2  ---------------- 0000 | 0001 | 0010

498 RNS(789) === 1 2 3  ---------------- 0001 | 0010 | 0011

499 RNS(789) === 2 3 4  ---------------- 0010 | 0011 | 0100

500 RNS(789) === 3 4 5  ---------------- 0011 | 0100 | 0101

501 RNS(789) === 4 5 6  ---------------- 0100 | 0101 | 0110

502 RNS(789) === 5 6 7  ---------------- 0101 | 0110 | 0111

503 RNS(789) === 6 7 8  ---------------- 0110 | 0111 | 1000

504 RNS(789) === 0 0 0  ---------------- 0000 | 0000 | 0000

505 RNS(789) === 1 1 1  ---------------- 0001 | 0001 | 0001

506 RNS(789) === 2 2 2  ---------------- 0010 | 0010 | 0010

507 RNS(789) === 3 3 3  ---------------- 0011 | 0011 | 0011

508 RNS(789) === 4 4 4  ---------------- 0100 | 0100 | 0100

509 RNS(789) === 5 5 5  ---------------- 0101 | 0101 | 0101

510 RNS(789) === 6 6 6  ---------------- 0110 | 0110 | 0110

511 RNS(789) === 0 7 7  ---------------- 0000 | 0111 | 0111

TESTFILE FOR  FORWARD CONVERTER
      INPUT                            1st_MOD   2nd_MOD   3rd_MOD 

0 RNS(789) === 0 0 0  ---------------- 0000 | 0000 | 0000

