TESTFILE FOR  FORWARD CONVERTER
      INPUT                            1st_MOD   2nd_MOD   3rd_MOD 

0 RNS(313233) === 0 0 0  ---------------- 000000 | 000000 | 000000

1 RNS(313233) === 1 1 1  ---------------- 000001 | 000001 | 000001

2 RNS(313233) === 2 2 2  ---------------- 000010 | 000010 | 000010

3 RNS(313233) === 3 3 3  ---------------- 000011 | 000011 | 000011

4 RNS(313233) === 4 4 4  ---------------- 000100 | 000100 | 000100

5 RNS(313233) === 5 5 5  ---------------- 000101 | 000101 | 000101

6 RNS(313233) === 6 6 6  ---------------- 000110 | 000110 | 000110

7 RNS(313233) === 7 7 7  ---------------- 000111 | 000111 | 000111

8 RNS(313233) === 8 8 8  ---------------- 001000 | 001000 | 001000

9 RNS(313233) === 9 9 9  ---------------- 001001 | 001001 | 001001

10 RNS(313233) === 10 10 10  ---------------- 001010 | 001010 | 001010

11 RNS(313233) === 11 11 11  ---------------- 001011 | 001011 | 001011

12 RNS(313233) === 12 12 12  ---------------- 001100 | 001100 | 001100

13 RNS(313233) === 13 13 13  ---------------- 001101 | 001101 | 001101

14 RNS(313233) === 14 14 14  ---------------- 001110 | 001110 | 001110

15 RNS(313233) === 15 15 15  ---------------- 001111 | 001111 | 001111

16 RNS(313233) === 16 16 16  ---------------- 010000 | 010000 | 010000

17 RNS(313233) === 17 17 17  ---------------- 010001 | 010001 | 010001

18 RNS(313233) === 18 18 18  ---------------- 010010 | 010010 | 010010

19 RNS(313233) === 19 19 19  ---------------- 010011 | 010011 | 010011

20 RNS(313233) === 20 20 20  ---------------- 010100 | 010100 | 010100

21 RNS(313233) === 21 21 21  ---------------- 010101 | 010101 | 010101

22 RNS(313233) === 22 22 22  ---------------- 010110 | 010110 | 010110

23 RNS(313233) === 23 23 23  ---------------- 010111 | 010111 | 010111

24 RNS(313233) === 24 24 24  ---------------- 011000 | 011000 | 011000

25 RNS(313233) === 25 25 25  ---------------- 011001 | 011001 | 011001

26 RNS(313233) === 26 26 26  ---------------- 011010 | 011010 | 011010

27 RNS(313233) === 27 27 27  ---------------- 011011 | 011011 | 011011

28 RNS(313233) === 28 28 28  ---------------- 011100 | 011100 | 011100

29 RNS(313233) === 29 29 29  ---------------- 011101 | 011101 | 011101

30 RNS(313233) === 30 30 30  ---------------- 011110 | 011110 | 011110

31 RNS(313233) === 0 31 31  ---------------- 000000 | 011111 | 011111

32 RNS(313233) === 1 0 32  ---------------- 000001 | 000000 | 100000

33 RNS(313233) === 2 1 0  ---------------- 000010 | 000001 | 000000

34 RNS(313233) === 3 2 1  ---------------- 000011 | 000010 | 000001

35 RNS(313233) === 4 3 2  ---------------- 000100 | 000011 | 000010

36 RNS(313233) === 5 4 3  ---------------- 000101 | 000100 | 000011

37 RNS(313233) === 6 5 4  ---------------- 000110 | 000101 | 000100

38 RNS(313233) === 7 6 5  ---------------- 000111 | 000110 | 000101

39 RNS(313233) === 8 7 6  ---------------- 001000 | 000111 | 000110

40 RNS(313233) === 9 8 7  ---------------- 001001 | 001000 | 000111

41 RNS(313233) === 10 9 8  ---------------- 001010 | 001001 | 001000

42 RNS(313233) === 11 10 9  ---------------- 001011 | 001010 | 001001

43 RNS(313233) === 12 11 10  ---------------- 001100 | 001011 | 001010

44 RNS(313233) === 13 12 11  ---------------- 001101 | 001100 | 001011

45 RNS(313233) === 14 13 12  ---------------- 001110 | 001101 | 001100

46 RNS(313233) === 15 14 13  ---------------- 001111 | 001110 | 001101

47 RNS(313233) === 16 15 14  ---------------- 010000 | 001111 | 001110

48 RNS(313233) === 17 16 15  ---------------- 010001 | 010000 | 001111

49 RNS(313233) === 18 17 16  ---------------- 010010 | 010001 | 010000

50 RNS(313233) === 19 18 17  ---------------- 010011 | 010010 | 010001

51 RNS(313233) === 20 19 18  ---------------- 010100 | 010011 | 010010

52 RNS(313233) === 21 20 19  ---------------- 010101 | 010100 | 010011

53 RNS(313233) === 22 21 20  ---------------- 010110 | 010101 | 010100

54 RNS(313233) === 23 22 21  ---------------- 010111 | 010110 | 010101

55 RNS(313233) === 24 23 22  ---------------- 011000 | 010111 | 010110

56 RNS(313233) === 25 24 23  ---------------- 011001 | 011000 | 010111

57 RNS(313233) === 26 25 24  ---------------- 011010 | 011001 | 011000

58 RNS(313233) === 27 26 25  ---------------- 011011 | 011010 | 011001

59 RNS(313233) === 28 27 26  ---------------- 011100 | 011011 | 011010

60 RNS(313233) === 29 28 27  ---------------- 011101 | 011100 | 011011

61 RNS(313233) === 30 29 28  ---------------- 011110 | 011101 | 011100

62 RNS(313233) === 0 30 29  ---------------- 000000 | 011110 | 011101

63 RNS(313233) === 1 31 30  ---------------- 000001 | 011111 | 011110

64 RNS(313233) === 2 0 31  ---------------- 000010 | 000000 | 011111

65 RNS(313233) === 3 1 32  ---------------- 000011 | 000001 | 100000

66 RNS(313233) === 4 2 0  ---------------- 000100 | 000010 | 000000

67 RNS(313233) === 5 3 1  ---------------- 000101 | 000011 | 000001

68 RNS(313233) === 6 4 2  ---------------- 000110 | 000100 | 000010

69 RNS(313233) === 7 5 3  ---------------- 000111 | 000101 | 000011

70 RNS(313233) === 8 6 4  ---------------- 001000 | 000110 | 000100

71 RNS(313233) === 9 7 5  ---------------- 001001 | 000111 | 000101

72 RNS(313233) === 10 8 6  ---------------- 001010 | 001000 | 000110

73 RNS(313233) === 11 9 7  ---------------- 001011 | 001001 | 000111

74 RNS(313233) === 12 10 8  ---------------- 001100 | 001010 | 001000

75 RNS(313233) === 13 11 9  ---------------- 001101 | 001011 | 001001

76 RNS(313233) === 14 12 10  ---------------- 001110 | 001100 | 001010

77 RNS(313233) === 15 13 11  ---------------- 001111 | 001101 | 001011

78 RNS(313233) === 16 14 12  ---------------- 010000 | 001110 | 001100

79 RNS(313233) === 17 15 13  ---------------- 010001 | 001111 | 001101

80 RNS(313233) === 18 16 14  ---------------- 010010 | 010000 | 001110

81 RNS(313233) === 19 17 15  ---------------- 010011 | 010001 | 001111

82 RNS(313233) === 20 18 16  ---------------- 010100 | 010010 | 010000

83 RNS(313233) === 21 19 17  ---------------- 010101 | 010011 | 010001

84 RNS(313233) === 22 20 18  ---------------- 010110 | 010100 | 010010

85 RNS(313233) === 23 21 19  ---------------- 010111 | 010101 | 010011

86 RNS(313233) === 24 22 20  ---------------- 011000 | 010110 | 010100

87 RNS(313233) === 25 23 21  ---------------- 011001 | 010111 | 010101

88 RNS(313233) === 26 24 22  ---------------- 011010 | 011000 | 010110

89 RNS(313233) === 27 25 23  ---------------- 011011 | 011001 | 010111

90 RNS(313233) === 28 26 24  ---------------- 011100 | 011010 | 011000

91 RNS(313233) === 29 27 25  ---------------- 011101 | 011011 | 011001

92 RNS(313233) === 30 28 26  ---------------- 011110 | 011100 | 011010

93 RNS(313233) === 0 29 27  ---------------- 000000 | 011101 | 011011

94 RNS(313233) === 1 30 28  ---------------- 000001 | 011110 | 011100

95 RNS(313233) === 2 31 29  ---------------- 000010 | 011111 | 011101

96 RNS(313233) === 3 0 30  ---------------- 000011 | 000000 | 011110

97 RNS(313233) === 4 1 31  ---------------- 000100 | 000001 | 011111

98 RNS(313233) === 5 2 32  ---------------- 000101 | 000010 | 100000

99 RNS(313233) === 6 3 0  ---------------- 000110 | 000011 | 000000

100 RNS(313233) === 7 4 1  ---------------- 000111 | 000100 | 000001

101 RNS(313233) === 8 5 2  ---------------- 001000 | 000101 | 000010

102 RNS(313233) === 9 6 3  ---------------- 001001 | 000110 | 000011

103 RNS(313233) === 10 7 4  ---------------- 001010 | 000111 | 000100

104 RNS(313233) === 11 8 5  ---------------- 001011 | 001000 | 000101

105 RNS(313233) === 12 9 6  ---------------- 001100 | 001001 | 000110

106 RNS(313233) === 13 10 7  ---------------- 001101 | 001010 | 000111

107 RNS(313233) === 14 11 8  ---------------- 001110 | 001011 | 001000

108 RNS(313233) === 15 12 9  ---------------- 001111 | 001100 | 001001

109 RNS(313233) === 16 13 10  ---------------- 010000 | 001101 | 001010

110 RNS(313233) === 17 14 11  ---------------- 010001 | 001110 | 001011

111 RNS(313233) === 18 15 12  ---------------- 010010 | 001111 | 001100

112 RNS(313233) === 19 16 13  ---------------- 010011 | 010000 | 001101

113 RNS(313233) === 20 17 14  ---------------- 010100 | 010001 | 001110

114 RNS(313233) === 21 18 15  ---------------- 010101 | 010010 | 001111

115 RNS(313233) === 22 19 16  ---------------- 010110 | 010011 | 010000

116 RNS(313233) === 23 20 17  ---------------- 010111 | 010100 | 010001

117 RNS(313233) === 24 21 18  ---------------- 011000 | 010101 | 010010

118 RNS(313233) === 25 22 19  ---------------- 011001 | 010110 | 010011

119 RNS(313233) === 26 23 20  ---------------- 011010 | 010111 | 010100

120 RNS(313233) === 27 24 21  ---------------- 011011 | 011000 | 010101

121 RNS(313233) === 28 25 22  ---------------- 011100 | 011001 | 010110

122 RNS(313233) === 29 26 23  ---------------- 011101 | 011010 | 010111

123 RNS(313233) === 30 27 24  ---------------- 011110 | 011011 | 011000

124 RNS(313233) === 0 28 25  ---------------- 000000 | 011100 | 011001

125 RNS(313233) === 1 29 26  ---------------- 000001 | 011101 | 011010

126 RNS(313233) === 2 30 27  ---------------- 000010 | 011110 | 011011

127 RNS(313233) === 3 31 28  ---------------- 000011 | 011111 | 011100

128 RNS(313233) === 4 0 29  ---------------- 000100 | 000000 | 011101

129 RNS(313233) === 5 1 30  ---------------- 000101 | 000001 | 011110

130 RNS(313233) === 6 2 31  ---------------- 000110 | 000010 | 011111

131 RNS(313233) === 7 3 32  ---------------- 000111 | 000011 | 100000

132 RNS(313233) === 8 4 0  ---------------- 001000 | 000100 | 000000

133 RNS(313233) === 9 5 1  ---------------- 001001 | 000101 | 000001

134 RNS(313233) === 10 6 2  ---------------- 001010 | 000110 | 000010

135 RNS(313233) === 11 7 3  ---------------- 001011 | 000111 | 000011

136 RNS(313233) === 12 8 4  ---------------- 001100 | 001000 | 000100

137 RNS(313233) === 13 9 5  ---------------- 001101 | 001001 | 000101

138 RNS(313233) === 14 10 6  ---------------- 001110 | 001010 | 000110

139 RNS(313233) === 15 11 7  ---------------- 001111 | 001011 | 000111

140 RNS(313233) === 16 12 8  ---------------- 010000 | 001100 | 001000

141 RNS(313233) === 17 13 9  ---------------- 010001 | 001101 | 001001

142 RNS(313233) === 18 14 10  ---------------- 010010 | 001110 | 001010

143 RNS(313233) === 19 15 11  ---------------- 010011 | 001111 | 001011

144 RNS(313233) === 20 16 12  ---------------- 010100 | 010000 | 001100

145 RNS(313233) === 21 17 13  ---------------- 010101 | 010001 | 001101

146 RNS(313233) === 22 18 14  ---------------- 010110 | 010010 | 001110

147 RNS(313233) === 23 19 15  ---------------- 010111 | 010011 | 001111

148 RNS(313233) === 24 20 16  ---------------- 011000 | 010100 | 010000

149 RNS(313233) === 25 21 17  ---------------- 011001 | 010101 | 010001

150 RNS(313233) === 26 22 18  ---------------- 011010 | 010110 | 010010

151 RNS(313233) === 27 23 19  ---------------- 011011 | 010111 | 010011

152 RNS(313233) === 28 24 20  ---------------- 011100 | 011000 | 010100

153 RNS(313233) === 29 25 21  ---------------- 011101 | 011001 | 010101

154 RNS(313233) === 30 26 22  ---------------- 011110 | 011010 | 010110

155 RNS(313233) === 0 27 23  ---------------- 000000 | 011011 | 010111

156 RNS(313233) === 1 28 24  ---------------- 000001 | 011100 | 011000

157 RNS(313233) === 2 29 25  ---------------- 000010 | 011101 | 011001

158 RNS(313233) === 3 30 26  ---------------- 000011 | 011110 | 011010

159 RNS(313233) === 4 31 27  ---------------- 000100 | 011111 | 011011

160 RNS(313233) === 5 0 28  ---------------- 000101 | 000000 | 011100

161 RNS(313233) === 6 1 29  ---------------- 000110 | 000001 | 011101

162 RNS(313233) === 7 2 30  ---------------- 000111 | 000010 | 011110

163 RNS(313233) === 8 3 31  ---------------- 001000 | 000011 | 011111

164 RNS(313233) === 9 4 32  ---------------- 001001 | 000100 | 100000

165 RNS(313233) === 10 5 0  ---------------- 001010 | 000101 | 000000

166 RNS(313233) === 11 6 1  ---------------- 001011 | 000110 | 000001

167 RNS(313233) === 12 7 2  ---------------- 001100 | 000111 | 000010

168 RNS(313233) === 13 8 3  ---------------- 001101 | 001000 | 000011

169 RNS(313233) === 14 9 4  ---------------- 001110 | 001001 | 000100

170 RNS(313233) === 15 10 5  ---------------- 001111 | 001010 | 000101

171 RNS(313233) === 16 11 6  ---------------- 010000 | 001011 | 000110

172 RNS(313233) === 17 12 7  ---------------- 010001 | 001100 | 000111

173 RNS(313233) === 18 13 8  ---------------- 010010 | 001101 | 001000

174 RNS(313233) === 19 14 9  ---------------- 010011 | 001110 | 001001

175 RNS(313233) === 20 15 10  ---------------- 010100 | 001111 | 001010

176 RNS(313233) === 21 16 11  ---------------- 010101 | 010000 | 001011

177 RNS(313233) === 22 17 12  ---------------- 010110 | 010001 | 001100

178 RNS(313233) === 23 18 13  ---------------- 010111 | 010010 | 001101

179 RNS(313233) === 24 19 14  ---------------- 011000 | 010011 | 001110

180 RNS(313233) === 25 20 15  ---------------- 011001 | 010100 | 001111

181 RNS(313233) === 26 21 16  ---------------- 011010 | 010101 | 010000

182 RNS(313233) === 27 22 17  ---------------- 011011 | 010110 | 010001

183 RNS(313233) === 28 23 18  ---------------- 011100 | 010111 | 010010

184 RNS(313233) === 29 24 19  ---------------- 011101 | 011000 | 010011

185 RNS(313233) === 30 25 20  ---------------- 011110 | 011001 | 010100

186 RNS(313233) === 0 26 21  ---------------- 000000 | 011010 | 010101

187 RNS(313233) === 1 27 22  ---------------- 000001 | 011011 | 010110

188 RNS(313233) === 2 28 23  ---------------- 000010 | 011100 | 010111

189 RNS(313233) === 3 29 24  ---------------- 000011 | 011101 | 011000

190 RNS(313233) === 4 30 25  ---------------- 000100 | 011110 | 011001

191 RNS(313233) === 5 31 26  ---------------- 000101 | 011111 | 011010

192 RNS(313233) === 6 0 27  ---------------- 000110 | 000000 | 011011

193 RNS(313233) === 7 1 28  ---------------- 000111 | 000001 | 011100

194 RNS(313233) === 8 2 29  ---------------- 001000 | 000010 | 011101

195 RNS(313233) === 9 3 30  ---------------- 001001 | 000011 | 011110

196 RNS(313233) === 10 4 31  ---------------- 001010 | 000100 | 011111

197 RNS(313233) === 11 5 32  ---------------- 001011 | 000101 | 100000

198 RNS(313233) === 12 6 0  ---------------- 001100 | 000110 | 000000

199 RNS(313233) === 13 7 1  ---------------- 001101 | 000111 | 000001

200 RNS(313233) === 14 8 2  ---------------- 001110 | 001000 | 000010

201 RNS(313233) === 15 9 3  ---------------- 001111 | 001001 | 000011

202 RNS(313233) === 16 10 4  ---------------- 010000 | 001010 | 000100

203 RNS(313233) === 17 11 5  ---------------- 010001 | 001011 | 000101

204 RNS(313233) === 18 12 6  ---------------- 010010 | 001100 | 000110

205 RNS(313233) === 19 13 7  ---------------- 010011 | 001101 | 000111

206 RNS(313233) === 20 14 8  ---------------- 010100 | 001110 | 001000

207 RNS(313233) === 21 15 9  ---------------- 010101 | 001111 | 001001

208 RNS(313233) === 22 16 10  ---------------- 010110 | 010000 | 001010

209 RNS(313233) === 23 17 11  ---------------- 010111 | 010001 | 001011

210 RNS(313233) === 24 18 12  ---------------- 011000 | 010010 | 001100

211 RNS(313233) === 25 19 13  ---------------- 011001 | 010011 | 001101

212 RNS(313233) === 26 20 14  ---------------- 011010 | 010100 | 001110

213 RNS(313233) === 27 21 15  ---------------- 011011 | 010101 | 001111

214 RNS(313233) === 28 22 16  ---------------- 011100 | 010110 | 010000

215 RNS(313233) === 29 23 17  ---------------- 011101 | 010111 | 010001

216 RNS(313233) === 30 24 18  ---------------- 011110 | 011000 | 010010

217 RNS(313233) === 0 25 19  ---------------- 000000 | 011001 | 010011

218 RNS(313233) === 1 26 20  ---------------- 000001 | 011010 | 010100

219 RNS(313233) === 2 27 21  ---------------- 000010 | 011011 | 010101

220 RNS(313233) === 3 28 22  ---------------- 000011 | 011100 | 010110

221 RNS(313233) === 4 29 23  ---------------- 000100 | 011101 | 010111

222 RNS(313233) === 5 30 24  ---------------- 000101 | 011110 | 011000

223 RNS(313233) === 6 31 25  ---------------- 000110 | 011111 | 011001

224 RNS(313233) === 7 0 26  ---------------- 000111 | 000000 | 011010

225 RNS(313233) === 8 1 27  ---------------- 001000 | 000001 | 011011

226 RNS(313233) === 9 2 28  ---------------- 001001 | 000010 | 011100

227 RNS(313233) === 10 3 29  ---------------- 001010 | 000011 | 011101

228 RNS(313233) === 11 4 30  ---------------- 001011 | 000100 | 011110

229 RNS(313233) === 12 5 31  ---------------- 001100 | 000101 | 011111

230 RNS(313233) === 13 6 32  ---------------- 001101 | 000110 | 100000

231 RNS(313233) === 14 7 0  ---------------- 001110 | 000111 | 000000

232 RNS(313233) === 15 8 1  ---------------- 001111 | 001000 | 000001

233 RNS(313233) === 16 9 2  ---------------- 010000 | 001001 | 000010

234 RNS(313233) === 17 10 3  ---------------- 010001 | 001010 | 000011

235 RNS(313233) === 18 11 4  ---------------- 010010 | 001011 | 000100

236 RNS(313233) === 19 12 5  ---------------- 010011 | 001100 | 000101

237 RNS(313233) === 20 13 6  ---------------- 010100 | 001101 | 000110

238 RNS(313233) === 21 14 7  ---------------- 010101 | 001110 | 000111

239 RNS(313233) === 22 15 8  ---------------- 010110 | 001111 | 001000

240 RNS(313233) === 23 16 9  ---------------- 010111 | 010000 | 001001

241 RNS(313233) === 24 17 10  ---------------- 011000 | 010001 | 001010

242 RNS(313233) === 25 18 11  ---------------- 011001 | 010010 | 001011

243 RNS(313233) === 26 19 12  ---------------- 011010 | 010011 | 001100

244 RNS(313233) === 27 20 13  ---------------- 011011 | 010100 | 001101

245 RNS(313233) === 28 21 14  ---------------- 011100 | 010101 | 001110

246 RNS(313233) === 29 22 15  ---------------- 011101 | 010110 | 001111

247 RNS(313233) === 30 23 16  ---------------- 011110 | 010111 | 010000

248 RNS(313233) === 0 24 17  ---------------- 000000 | 011000 | 010001

249 RNS(313233) === 1 25 18  ---------------- 000001 | 011001 | 010010

250 RNS(313233) === 2 26 19  ---------------- 000010 | 011010 | 010011

251 RNS(313233) === 3 27 20  ---------------- 000011 | 011011 | 010100

252 RNS(313233) === 4 28 21  ---------------- 000100 | 011100 | 010101

253 RNS(313233) === 5 29 22  ---------------- 000101 | 011101 | 010110

254 RNS(313233) === 6 30 23  ---------------- 000110 | 011110 | 010111

255 RNS(313233) === 7 31 24  ---------------- 000111 | 011111 | 011000

256 RNS(313233) === 8 0 25  ---------------- 001000 | 000000 | 011001

257 RNS(313233) === 9 1 26  ---------------- 001001 | 000001 | 011010

258 RNS(313233) === 10 2 27  ---------------- 001010 | 000010 | 011011

259 RNS(313233) === 11 3 28  ---------------- 001011 | 000011 | 011100

260 RNS(313233) === 12 4 29  ---------------- 001100 | 000100 | 011101

261 RNS(313233) === 13 5 30  ---------------- 001101 | 000101 | 011110

262 RNS(313233) === 14 6 31  ---------------- 001110 | 000110 | 011111

263 RNS(313233) === 15 7 32  ---------------- 001111 | 000111 | 100000

264 RNS(313233) === 16 8 0  ---------------- 010000 | 001000 | 000000

265 RNS(313233) === 17 9 1  ---------------- 010001 | 001001 | 000001

266 RNS(313233) === 18 10 2  ---------------- 010010 | 001010 | 000010

267 RNS(313233) === 19 11 3  ---------------- 010011 | 001011 | 000011

268 RNS(313233) === 20 12 4  ---------------- 010100 | 001100 | 000100

269 RNS(313233) === 21 13 5  ---------------- 010101 | 001101 | 000101

270 RNS(313233) === 22 14 6  ---------------- 010110 | 001110 | 000110

271 RNS(313233) === 23 15 7  ---------------- 010111 | 001111 | 000111

272 RNS(313233) === 24 16 8  ---------------- 011000 | 010000 | 001000

273 RNS(313233) === 25 17 9  ---------------- 011001 | 010001 | 001001

274 RNS(313233) === 26 18 10  ---------------- 011010 | 010010 | 001010

275 RNS(313233) === 27 19 11  ---------------- 011011 | 010011 | 001011

276 RNS(313233) === 28 20 12  ---------------- 011100 | 010100 | 001100

277 RNS(313233) === 29 21 13  ---------------- 011101 | 010101 | 001101

278 RNS(313233) === 30 22 14  ---------------- 011110 | 010110 | 001110

279 RNS(313233) === 0 23 15  ---------------- 000000 | 010111 | 001111

280 RNS(313233) === 1 24 16  ---------------- 000001 | 011000 | 010000

281 RNS(313233) === 2 25 17  ---------------- 000010 | 011001 | 010001

282 RNS(313233) === 3 26 18  ---------------- 000011 | 011010 | 010010

283 RNS(313233) === 4 27 19  ---------------- 000100 | 011011 | 010011

284 RNS(313233) === 5 28 20  ---------------- 000101 | 011100 | 010100

285 RNS(313233) === 6 29 21  ---------------- 000110 | 011101 | 010101

286 RNS(313233) === 7 30 22  ---------------- 000111 | 011110 | 010110

287 RNS(313233) === 8 31 23  ---------------- 001000 | 011111 | 010111

288 RNS(313233) === 9 0 24  ---------------- 001001 | 000000 | 011000

289 RNS(313233) === 10 1 25  ---------------- 001010 | 000001 | 011001

290 RNS(313233) === 11 2 26  ---------------- 001011 | 000010 | 011010

291 RNS(313233) === 12 3 27  ---------------- 001100 | 000011 | 011011

292 RNS(313233) === 13 4 28  ---------------- 001101 | 000100 | 011100

293 RNS(313233) === 14 5 29  ---------------- 001110 | 000101 | 011101

294 RNS(313233) === 15 6 30  ---------------- 001111 | 000110 | 011110

295 RNS(313233) === 16 7 31  ---------------- 010000 | 000111 | 011111

296 RNS(313233) === 17 8 32  ---------------- 010001 | 001000 | 100000

297 RNS(313233) === 18 9 0  ---------------- 010010 | 001001 | 000000

298 RNS(313233) === 19 10 1  ---------------- 010011 | 001010 | 000001

299 RNS(313233) === 20 11 2  ---------------- 010100 | 001011 | 000010

300 RNS(313233) === 21 12 3  ---------------- 010101 | 001100 | 000011

301 RNS(313233) === 22 13 4  ---------------- 010110 | 001101 | 000100

302 RNS(313233) === 23 14 5  ---------------- 010111 | 001110 | 000101

303 RNS(313233) === 24 15 6  ---------------- 011000 | 001111 | 000110

304 RNS(313233) === 25 16 7  ---------------- 011001 | 010000 | 000111

305 RNS(313233) === 26 17 8  ---------------- 011010 | 010001 | 001000

306 RNS(313233) === 27 18 9  ---------------- 011011 | 010010 | 001001

307 RNS(313233) === 28 19 10  ---------------- 011100 | 010011 | 001010

308 RNS(313233) === 29 20 11  ---------------- 011101 | 010100 | 001011

309 RNS(313233) === 30 21 12  ---------------- 011110 | 010101 | 001100

310 RNS(313233) === 0 22 13  ---------------- 000000 | 010110 | 001101

311 RNS(313233) === 1 23 14  ---------------- 000001 | 010111 | 001110

312 RNS(313233) === 2 24 15  ---------------- 000010 | 011000 | 001111

313 RNS(313233) === 3 25 16  ---------------- 000011 | 011001 | 010000

314 RNS(313233) === 4 26 17  ---------------- 000100 | 011010 | 010001

315 RNS(313233) === 5 27 18  ---------------- 000101 | 011011 | 010010

316 RNS(313233) === 6 28 19  ---------------- 000110 | 011100 | 010011

317 RNS(313233) === 7 29 20  ---------------- 000111 | 011101 | 010100

318 RNS(313233) === 8 30 21  ---------------- 001000 | 011110 | 010101

319 RNS(313233) === 9 31 22  ---------------- 001001 | 011111 | 010110

320 RNS(313233) === 10 0 23  ---------------- 001010 | 000000 | 010111

321 RNS(313233) === 11 1 24  ---------------- 001011 | 000001 | 011000

322 RNS(313233) === 12 2 25  ---------------- 001100 | 000010 | 011001

323 RNS(313233) === 13 3 26  ---------------- 001101 | 000011 | 011010

324 RNS(313233) === 14 4 27  ---------------- 001110 | 000100 | 011011

325 RNS(313233) === 15 5 28  ---------------- 001111 | 000101 | 011100

326 RNS(313233) === 16 6 29  ---------------- 010000 | 000110 | 011101

327 RNS(313233) === 17 7 30  ---------------- 010001 | 000111 | 011110

328 RNS(313233) === 18 8 31  ---------------- 010010 | 001000 | 011111

329 RNS(313233) === 19 9 32  ---------------- 010011 | 001001 | 100000

330 RNS(313233) === 20 10 0  ---------------- 010100 | 001010 | 000000

331 RNS(313233) === 21 11 1  ---------------- 010101 | 001011 | 000001

332 RNS(313233) === 22 12 2  ---------------- 010110 | 001100 | 000010

333 RNS(313233) === 23 13 3  ---------------- 010111 | 001101 | 000011

334 RNS(313233) === 24 14 4  ---------------- 011000 | 001110 | 000100

335 RNS(313233) === 25 15 5  ---------------- 011001 | 001111 | 000101

336 RNS(313233) === 26 16 6  ---------------- 011010 | 010000 | 000110

337 RNS(313233) === 27 17 7  ---------------- 011011 | 010001 | 000111

338 RNS(313233) === 28 18 8  ---------------- 011100 | 010010 | 001000

339 RNS(313233) === 29 19 9  ---------------- 011101 | 010011 | 001001

340 RNS(313233) === 30 20 10  ---------------- 011110 | 010100 | 001010

341 RNS(313233) === 0 21 11  ---------------- 000000 | 010101 | 001011

342 RNS(313233) === 1 22 12  ---------------- 000001 | 010110 | 001100

343 RNS(313233) === 2 23 13  ---------------- 000010 | 010111 | 001101

344 RNS(313233) === 3 24 14  ---------------- 000011 | 011000 | 001110

345 RNS(313233) === 4 25 15  ---------------- 000100 | 011001 | 001111

346 RNS(313233) === 5 26 16  ---------------- 000101 | 011010 | 010000

347 RNS(313233) === 6 27 17  ---------------- 000110 | 011011 | 010001

348 RNS(313233) === 7 28 18  ---------------- 000111 | 011100 | 010010

349 RNS(313233) === 8 29 19  ---------------- 001000 | 011101 | 010011

350 RNS(313233) === 9 30 20  ---------------- 001001 | 011110 | 010100

351 RNS(313233) === 10 31 21  ---------------- 001010 | 011111 | 010101

352 RNS(313233) === 11 0 22  ---------------- 001011 | 000000 | 010110

353 RNS(313233) === 12 1 23  ---------------- 001100 | 000001 | 010111

354 RNS(313233) === 13 2 24  ---------------- 001101 | 000010 | 011000

355 RNS(313233) === 14 3 25  ---------------- 001110 | 000011 | 011001

356 RNS(313233) === 15 4 26  ---------------- 001111 | 000100 | 011010

357 RNS(313233) === 16 5 27  ---------------- 010000 | 000101 | 011011

358 RNS(313233) === 17 6 28  ---------------- 010001 | 000110 | 011100

359 RNS(313233) === 18 7 29  ---------------- 010010 | 000111 | 011101

360 RNS(313233) === 19 8 30  ---------------- 010011 | 001000 | 011110

361 RNS(313233) === 20 9 31  ---------------- 010100 | 001001 | 011111

362 RNS(313233) === 21 10 32  ---------------- 010101 | 001010 | 100000

363 RNS(313233) === 22 11 0  ---------------- 010110 | 001011 | 000000

364 RNS(313233) === 23 12 1  ---------------- 010111 | 001100 | 000001

365 RNS(313233) === 24 13 2  ---------------- 011000 | 001101 | 000010

366 RNS(313233) === 25 14 3  ---------------- 011001 | 001110 | 000011

367 RNS(313233) === 26 15 4  ---------------- 011010 | 001111 | 000100

368 RNS(313233) === 27 16 5  ---------------- 011011 | 010000 | 000101

369 RNS(313233) === 28 17 6  ---------------- 011100 | 010001 | 000110

370 RNS(313233) === 29 18 7  ---------------- 011101 | 010010 | 000111

371 RNS(313233) === 30 19 8  ---------------- 011110 | 010011 | 001000

372 RNS(313233) === 0 20 9  ---------------- 000000 | 010100 | 001001

373 RNS(313233) === 1 21 10  ---------------- 000001 | 010101 | 001010

374 RNS(313233) === 2 22 11  ---------------- 000010 | 010110 | 001011

375 RNS(313233) === 3 23 12  ---------------- 000011 | 010111 | 001100

376 RNS(313233) === 4 24 13  ---------------- 000100 | 011000 | 001101

377 RNS(313233) === 5 25 14  ---------------- 000101 | 011001 | 001110

378 RNS(313233) === 6 26 15  ---------------- 000110 | 011010 | 001111

379 RNS(313233) === 7 27 16  ---------------- 000111 | 011011 | 010000

380 RNS(313233) === 8 28 17  ---------------- 001000 | 011100 | 010001

381 RNS(313233) === 9 29 18  ---------------- 001001 | 011101 | 010010

382 RNS(313233) === 10 30 19  ---------------- 001010 | 011110 | 010011

383 RNS(313233) === 11 31 20  ---------------- 001011 | 011111 | 010100

384 RNS(313233) === 12 0 21  ---------------- 001100 | 000000 | 010101

385 RNS(313233) === 13 1 22  ---------------- 001101 | 000001 | 010110

386 RNS(313233) === 14 2 23  ---------------- 001110 | 000010 | 010111

387 RNS(313233) === 15 3 24  ---------------- 001111 | 000011 | 011000

388 RNS(313233) === 16 4 25  ---------------- 010000 | 000100 | 011001

389 RNS(313233) === 17 5 26  ---------------- 010001 | 000101 | 011010

390 RNS(313233) === 18 6 27  ---------------- 010010 | 000110 | 011011

391 RNS(313233) === 19 7 28  ---------------- 010011 | 000111 | 011100

392 RNS(313233) === 20 8 29  ---------------- 010100 | 001000 | 011101

393 RNS(313233) === 21 9 30  ---------------- 010101 | 001001 | 011110

394 RNS(313233) === 22 10 31  ---------------- 010110 | 001010 | 011111

395 RNS(313233) === 23 11 32  ---------------- 010111 | 001011 | 100000

396 RNS(313233) === 24 12 0  ---------------- 011000 | 001100 | 000000

397 RNS(313233) === 25 13 1  ---------------- 011001 | 001101 | 000001

398 RNS(313233) === 26 14 2  ---------------- 011010 | 001110 | 000010

399 RNS(313233) === 27 15 3  ---------------- 011011 | 001111 | 000011

400 RNS(313233) === 28 16 4  ---------------- 011100 | 010000 | 000100

401 RNS(313233) === 29 17 5  ---------------- 011101 | 010001 | 000101

402 RNS(313233) === 30 18 6  ---------------- 011110 | 010010 | 000110

403 RNS(313233) === 0 19 7  ---------------- 000000 | 010011 | 000111

404 RNS(313233) === 1 20 8  ---------------- 000001 | 010100 | 001000

405 RNS(313233) === 2 21 9  ---------------- 000010 | 010101 | 001001

406 RNS(313233) === 3 22 10  ---------------- 000011 | 010110 | 001010

407 RNS(313233) === 4 23 11  ---------------- 000100 | 010111 | 001011

408 RNS(313233) === 5 24 12  ---------------- 000101 | 011000 | 001100

409 RNS(313233) === 6 25 13  ---------------- 000110 | 011001 | 001101

410 RNS(313233) === 7 26 14  ---------------- 000111 | 011010 | 001110

411 RNS(313233) === 8 27 15  ---------------- 001000 | 011011 | 001111

412 RNS(313233) === 9 28 16  ---------------- 001001 | 011100 | 010000

413 RNS(313233) === 10 29 17  ---------------- 001010 | 011101 | 010001

414 RNS(313233) === 11 30 18  ---------------- 001011 | 011110 | 010010

415 RNS(313233) === 12 31 19  ---------------- 001100 | 011111 | 010011

416 RNS(313233) === 13 0 20  ---------------- 001101 | 000000 | 010100

417 RNS(313233) === 14 1 21  ---------------- 001110 | 000001 | 010101

418 RNS(313233) === 15 2 22  ---------------- 001111 | 000010 | 010110

419 RNS(313233) === 16 3 23  ---------------- 010000 | 000011 | 010111

420 RNS(313233) === 17 4 24  ---------------- 010001 | 000100 | 011000

421 RNS(313233) === 18 5 25  ---------------- 010010 | 000101 | 011001

422 RNS(313233) === 19 6 26  ---------------- 010011 | 000110 | 011010

423 RNS(313233) === 20 7 27  ---------------- 010100 | 000111 | 011011

424 RNS(313233) === 21 8 28  ---------------- 010101 | 001000 | 011100

425 RNS(313233) === 22 9 29  ---------------- 010110 | 001001 | 011101

426 RNS(313233) === 23 10 30  ---------------- 010111 | 001010 | 011110

427 RNS(313233) === 24 11 31  ---------------- 011000 | 001011 | 011111

428 RNS(313233) === 25 12 32  ---------------- 011001 | 001100 | 100000

429 RNS(313233) === 26 13 0  ---------------- 011010 | 001101 | 000000

430 RNS(313233) === 27 14 1  ---------------- 011011 | 001110 | 000001

431 RNS(313233) === 28 15 2  ---------------- 011100 | 001111 | 000010

432 RNS(313233) === 29 16 3  ---------------- 011101 | 010000 | 000011

433 RNS(313233) === 30 17 4  ---------------- 011110 | 010001 | 000100

434 RNS(313233) === 0 18 5  ---------------- 000000 | 010010 | 000101

435 RNS(313233) === 1 19 6  ---------------- 000001 | 010011 | 000110

436 RNS(313233) === 2 20 7  ---------------- 000010 | 010100 | 000111

437 RNS(313233) === 3 21 8  ---------------- 000011 | 010101 | 001000

438 RNS(313233) === 4 22 9  ---------------- 000100 | 010110 | 001001

439 RNS(313233) === 5 23 10  ---------------- 000101 | 010111 | 001010

440 RNS(313233) === 6 24 11  ---------------- 000110 | 011000 | 001011

441 RNS(313233) === 7 25 12  ---------------- 000111 | 011001 | 001100

442 RNS(313233) === 8 26 13  ---------------- 001000 | 011010 | 001101

443 RNS(313233) === 9 27 14  ---------------- 001001 | 011011 | 001110

444 RNS(313233) === 10 28 15  ---------------- 001010 | 011100 | 001111

445 RNS(313233) === 11 29 16  ---------------- 001011 | 011101 | 010000

446 RNS(313233) === 12 30 17  ---------------- 001100 | 011110 | 010001

447 RNS(313233) === 13 31 18  ---------------- 001101 | 011111 | 010010

448 RNS(313233) === 14 0 19  ---------------- 001110 | 000000 | 010011

449 RNS(313233) === 15 1 20  ---------------- 001111 | 000001 | 010100

450 RNS(313233) === 16 2 21  ---------------- 010000 | 000010 | 010101

451 RNS(313233) === 17 3 22  ---------------- 010001 | 000011 | 010110

452 RNS(313233) === 18 4 23  ---------------- 010010 | 000100 | 010111

453 RNS(313233) === 19 5 24  ---------------- 010011 | 000101 | 011000

454 RNS(313233) === 20 6 25  ---------------- 010100 | 000110 | 011001

455 RNS(313233) === 21 7 26  ---------------- 010101 | 000111 | 011010

456 RNS(313233) === 22 8 27  ---------------- 010110 | 001000 | 011011

457 RNS(313233) === 23 9 28  ---------------- 010111 | 001001 | 011100

458 RNS(313233) === 24 10 29  ---------------- 011000 | 001010 | 011101

459 RNS(313233) === 25 11 30  ---------------- 011001 | 001011 | 011110

460 RNS(313233) === 26 12 31  ---------------- 011010 | 001100 | 011111

461 RNS(313233) === 27 13 32  ---------------- 011011 | 001101 | 100000

462 RNS(313233) === 28 14 0  ---------------- 011100 | 001110 | 000000

463 RNS(313233) === 29 15 1  ---------------- 011101 | 001111 | 000001

464 RNS(313233) === 30 16 2  ---------------- 011110 | 010000 | 000010

465 RNS(313233) === 0 17 3  ---------------- 000000 | 010001 | 000011

466 RNS(313233) === 1 18 4  ---------------- 000001 | 010010 | 000100

467 RNS(313233) === 2 19 5  ---------------- 000010 | 010011 | 000101

468 RNS(313233) === 3 20 6  ---------------- 000011 | 010100 | 000110

469 RNS(313233) === 4 21 7  ---------------- 000100 | 010101 | 000111

470 RNS(313233) === 5 22 8  ---------------- 000101 | 010110 | 001000

471 RNS(313233) === 6 23 9  ---------------- 000110 | 010111 | 001001

472 RNS(313233) === 7 24 10  ---------------- 000111 | 011000 | 001010

473 RNS(313233) === 8 25 11  ---------------- 001000 | 011001 | 001011

474 RNS(313233) === 9 26 12  ---------------- 001001 | 011010 | 001100

475 RNS(313233) === 10 27 13  ---------------- 001010 | 011011 | 001101

476 RNS(313233) === 11 28 14  ---------------- 001011 | 011100 | 001110

477 RNS(313233) === 12 29 15  ---------------- 001100 | 011101 | 001111

478 RNS(313233) === 13 30 16  ---------------- 001101 | 011110 | 010000

479 RNS(313233) === 14 31 17  ---------------- 001110 | 011111 | 010001

480 RNS(313233) === 15 0 18  ---------------- 001111 | 000000 | 010010

481 RNS(313233) === 16 1 19  ---------------- 010000 | 000001 | 010011

482 RNS(313233) === 17 2 20  ---------------- 010001 | 000010 | 010100

483 RNS(313233) === 18 3 21  ---------------- 010010 | 000011 | 010101

484 RNS(313233) === 19 4 22  ---------------- 010011 | 000100 | 010110

485 RNS(313233) === 20 5 23  ---------------- 010100 | 000101 | 010111

486 RNS(313233) === 21 6 24  ---------------- 010101 | 000110 | 011000

487 RNS(313233) === 22 7 25  ---------------- 010110 | 000111 | 011001

488 RNS(313233) === 23 8 26  ---------------- 010111 | 001000 | 011010

489 RNS(313233) === 24 9 27  ---------------- 011000 | 001001 | 011011

490 RNS(313233) === 25 10 28  ---------------- 011001 | 001010 | 011100

491 RNS(313233) === 26 11 29  ---------------- 011010 | 001011 | 011101

492 RNS(313233) === 27 12 30  ---------------- 011011 | 001100 | 011110

493 RNS(313233) === 28 13 31  ---------------- 011100 | 001101 | 011111

494 RNS(313233) === 29 14 32  ---------------- 011101 | 001110 | 100000

495 RNS(313233) === 30 15 0  ---------------- 011110 | 001111 | 000000

496 RNS(313233) === 0 16 1  ---------------- 000000 | 010000 | 000001

497 RNS(313233) === 1 17 2  ---------------- 000001 | 010001 | 000010

498 RNS(313233) === 2 18 3  ---------------- 000010 | 010010 | 000011

499 RNS(313233) === 3 19 4  ---------------- 000011 | 010011 | 000100

500 RNS(313233) === 4 20 5  ---------------- 000100 | 010100 | 000101

501 RNS(313233) === 5 21 6  ---------------- 000101 | 010101 | 000110

502 RNS(313233) === 6 22 7  ---------------- 000110 | 010110 | 000111

503 RNS(313233) === 7 23 8  ---------------- 000111 | 010111 | 001000

504 RNS(313233) === 8 24 9  ---------------- 001000 | 011000 | 001001

505 RNS(313233) === 9 25 10  ---------------- 001001 | 011001 | 001010

506 RNS(313233) === 10 26 11  ---------------- 001010 | 011010 | 001011

507 RNS(313233) === 11 27 12  ---------------- 001011 | 011011 | 001100

508 RNS(313233) === 12 28 13  ---------------- 001100 | 011100 | 001101

509 RNS(313233) === 13 29 14  ---------------- 001101 | 011101 | 001110

510 RNS(313233) === 14 30 15  ---------------- 001110 | 011110 | 001111

511 RNS(313233) === 15 31 16  ---------------- 001111 | 011111 | 010000

512 RNS(313233) === 16 0 17  ---------------- 010000 | 000000 | 010001

513 RNS(313233) === 17 1 18  ---------------- 010001 | 000001 | 010010

514 RNS(313233) === 18 2 19  ---------------- 010010 | 000010 | 010011

515 RNS(313233) === 19 3 20  ---------------- 010011 | 000011 | 010100

516 RNS(313233) === 20 4 21  ---------------- 010100 | 000100 | 010101

517 RNS(313233) === 21 5 22  ---------------- 010101 | 000101 | 010110

518 RNS(313233) === 22 6 23  ---------------- 010110 | 000110 | 010111

519 RNS(313233) === 23 7 24  ---------------- 010111 | 000111 | 011000

520 RNS(313233) === 24 8 25  ---------------- 011000 | 001000 | 011001

521 RNS(313233) === 25 9 26  ---------------- 011001 | 001001 | 011010

522 RNS(313233) === 26 10 27  ---------------- 011010 | 001010 | 011011

523 RNS(313233) === 27 11 28  ---------------- 011011 | 001011 | 011100

524 RNS(313233) === 28 12 29  ---------------- 011100 | 001100 | 011101

525 RNS(313233) === 29 13 30  ---------------- 011101 | 001101 | 011110

526 RNS(313233) === 30 14 31  ---------------- 011110 | 001110 | 011111

527 RNS(313233) === 0 15 32  ---------------- 000000 | 001111 | 100000

528 RNS(313233) === 1 16 0  ---------------- 000001 | 010000 | 000000

529 RNS(313233) === 2 17 1  ---------------- 000010 | 010001 | 000001

530 RNS(313233) === 3 18 2  ---------------- 000011 | 010010 | 000010

531 RNS(313233) === 4 19 3  ---------------- 000100 | 010011 | 000011

532 RNS(313233) === 5 20 4  ---------------- 000101 | 010100 | 000100

533 RNS(313233) === 6 21 5  ---------------- 000110 | 010101 | 000101

534 RNS(313233) === 7 22 6  ---------------- 000111 | 010110 | 000110

535 RNS(313233) === 8 23 7  ---------------- 001000 | 010111 | 000111

536 RNS(313233) === 9 24 8  ---------------- 001001 | 011000 | 001000

537 RNS(313233) === 10 25 9  ---------------- 001010 | 011001 | 001001

538 RNS(313233) === 11 26 10  ---------------- 001011 | 011010 | 001010

539 RNS(313233) === 12 27 11  ---------------- 001100 | 011011 | 001011

540 RNS(313233) === 13 28 12  ---------------- 001101 | 011100 | 001100

541 RNS(313233) === 14 29 13  ---------------- 001110 | 011101 | 001101

542 RNS(313233) === 15 30 14  ---------------- 001111 | 011110 | 001110

543 RNS(313233) === 16 31 15  ---------------- 010000 | 011111 | 001111

544 RNS(313233) === 17 0 16  ---------------- 010001 | 000000 | 010000

545 RNS(313233) === 18 1 17  ---------------- 010010 | 000001 | 010001

546 RNS(313233) === 19 2 18  ---------------- 010011 | 000010 | 010010

547 RNS(313233) === 20 3 19  ---------------- 010100 | 000011 | 010011

548 RNS(313233) === 21 4 20  ---------------- 010101 | 000100 | 010100

549 RNS(313233) === 22 5 21  ---------------- 010110 | 000101 | 010101

550 RNS(313233) === 23 6 22  ---------------- 010111 | 000110 | 010110

551 RNS(313233) === 24 7 23  ---------------- 011000 | 000111 | 010111

552 RNS(313233) === 25 8 24  ---------------- 011001 | 001000 | 011000

553 RNS(313233) === 26 9 25  ---------------- 011010 | 001001 | 011001

554 RNS(313233) === 27 10 26  ---------------- 011011 | 001010 | 011010

555 RNS(313233) === 28 11 27  ---------------- 011100 | 001011 | 011011

556 RNS(313233) === 29 12 28  ---------------- 011101 | 001100 | 011100

557 RNS(313233) === 30 13 29  ---------------- 011110 | 001101 | 011101

558 RNS(313233) === 0 14 30  ---------------- 000000 | 001110 | 011110

559 RNS(313233) === 1 15 31  ---------------- 000001 | 001111 | 011111

560 RNS(313233) === 2 16 32  ---------------- 000010 | 010000 | 100000

561 RNS(313233) === 3 17 0  ---------------- 000011 | 010001 | 000000

562 RNS(313233) === 4 18 1  ---------------- 000100 | 010010 | 000001

563 RNS(313233) === 5 19 2  ---------------- 000101 | 010011 | 000010

564 RNS(313233) === 6 20 3  ---------------- 000110 | 010100 | 000011

565 RNS(313233) === 7 21 4  ---------------- 000111 | 010101 | 000100

566 RNS(313233) === 8 22 5  ---------------- 001000 | 010110 | 000101

567 RNS(313233) === 9 23 6  ---------------- 001001 | 010111 | 000110

568 RNS(313233) === 10 24 7  ---------------- 001010 | 011000 | 000111

569 RNS(313233) === 11 25 8  ---------------- 001011 | 011001 | 001000

570 RNS(313233) === 12 26 9  ---------------- 001100 | 011010 | 001001

571 RNS(313233) === 13 27 10  ---------------- 001101 | 011011 | 001010

572 RNS(313233) === 14 28 11  ---------------- 001110 | 011100 | 001011

573 RNS(313233) === 15 29 12  ---------------- 001111 | 011101 | 001100

574 RNS(313233) === 16 30 13  ---------------- 010000 | 011110 | 001101

575 RNS(313233) === 17 31 14  ---------------- 010001 | 011111 | 001110

576 RNS(313233) === 18 0 15  ---------------- 010010 | 000000 | 001111

577 RNS(313233) === 19 1 16  ---------------- 010011 | 000001 | 010000

578 RNS(313233) === 20 2 17  ---------------- 010100 | 000010 | 010001

579 RNS(313233) === 21 3 18  ---------------- 010101 | 000011 | 010010

580 RNS(313233) === 22 4 19  ---------------- 010110 | 000100 | 010011

581 RNS(313233) === 23 5 20  ---------------- 010111 | 000101 | 010100

582 RNS(313233) === 24 6 21  ---------------- 011000 | 000110 | 010101

583 RNS(313233) === 25 7 22  ---------------- 011001 | 000111 | 010110

584 RNS(313233) === 26 8 23  ---------------- 011010 | 001000 | 010111

585 RNS(313233) === 27 9 24  ---------------- 011011 | 001001 | 011000

586 RNS(313233) === 28 10 25  ---------------- 011100 | 001010 | 011001

587 RNS(313233) === 29 11 26  ---------------- 011101 | 001011 | 011010

588 RNS(313233) === 30 12 27  ---------------- 011110 | 001100 | 011011

589 RNS(313233) === 0 13 28  ---------------- 000000 | 001101 | 011100

590 RNS(313233) === 1 14 29  ---------------- 000001 | 001110 | 011101

591 RNS(313233) === 2 15 30  ---------------- 000010 | 001111 | 011110

592 RNS(313233) === 3 16 31  ---------------- 000011 | 010000 | 011111

593 RNS(313233) === 4 17 32  ---------------- 000100 | 010001 | 100000

